2803
2803
2803
2803
2804
2804
2804
2804
2804
2804
2804
2804
2804
2803
2803
2803
2802
2802
2802
2802
2801
2800
2800
2800
2799
2799
2799
2799
2799
2798
2798
2798
2798
2797
2797
2797
2797
2797
2797
2797
2797
2796
2796
2796
2796
2796
2796
2796
2795
2795
2795
2795
2795
2795
2795
2795
2795
2795
2796
2796
2796
2796
2797
2797
2797
2797
2797
2797
2797
2797
2798
2797
2798
2798
2798
2798
2798
2798
2798
2799
2799
2799
2799
2800
2800
2800
2800
2801
2800
2800
2800
2800
2799
2799
2798
2798
2798
2798
2798
2798
2799
2799
2799
2799
2799
2799
2799
2799
2799
2798
2798
2798
2798
2797
2797
2797
2797
2797
2796
2796
2796
2796
2796
2796
2796
2796
2796
2796
2797
2797
2797
2797
2797
2798
2798
2798
2799
2799
2799
2799
2799
2799
2799
2799
2800
2800
2800
2801
2802
2802
2803
2803
2803
2803
2803
2803
2802
2802
2802
2801
2801
2801
2800
2800
2800
2800
2799
2799
2799
2798
2799
2798
2798
2798
2798
2798
2798
2798
2797
2797
2797
2797
2796
2795
2795
2794
2794
2794
2793
2793
2793
2792
2792
2792
2792
2791
2790
2790
2789
2789
2789
2788
2788
2788
2788
2788
2787
2788
2787
2788
2788
2788
2788
2789
2789
2789
2790
2790
2790
2790
2790
2791
2791
2791
2791
2792
2792
2792
2792
2792
2792
2792
2793
2793
2793
2793
2793
2793
2793
2793
2793
2793
2794
2794
2794
2794
2794
2794
2794
2794
2794
2793
2792
2791
2791
2790
2790
2790
2789
2789
2789
2789
2789
2788
2788
2788
2788
2788
2789
2789
2789
2789
2790
2790
2790
2790
2790
2790
2790
2790
2790
2790
2790
2790
2790
2790
2791
2791
2792
2792
2793
2793
2794
2795
2795
2796
2797
2797
2798
2798
2798
2799
2799
2799
2799
2799
2799
2798
2798
2798
2798
2798
2798
2799
2799
2800
2801
2802
2802
2803
2802
2802
2800
2799
2797
2793
2789
2785
2779
2773
2768
2759
2750
2743
2733
2722
2712
2702
2690
2678
2667
2655
2643
2633
2625
2619
2614
2612
2615
2618
2622
2637
2651
2663
2691
2716
2739
2777
2820
2857
2910
2979
3040
3104
3207
3292
3368
3459
3540
2791
2791
2791
2791
2791
2792
2792
2792
2792
2792
2792
2792
2792
2792
2792
2792
2792
2792
2792
2792
2792
2792
2792
2792
2792
2792
2792
2792
2792
2792
2792
2792
2792
2792
2792
2792
2792
2791
2792
2791
2792
2792
2792
2792
2792
2792
2792
2793
2793
2794
2794
2794
2795
2795
2795
2795
2795
2796
2795
2796
2797
2797
2798
2798
2798
2798
2798
2798
2798
2797
2797
2796
2796
2796
2795
2795
2795
2795
2795
2794
2794
2794
2793
2793
2793
2793
2792
2792
2792
2792
2792
2792
2792
2791
2791
2791
2790
2790
2790
2789
2789
2789
2789
2789
2789
2790
2790
2790
2790
2790
2791
2791
2791
2791
2791
2791
2790
2790
2790
2790
2790
2790
2790
2790
2791
2791
2791
2791
2791
2792
2791
2791
2792
2792
2792
2792
2792
2792
2792
2792
2792
2791
2791
2791
2791
2790
2790
2790
2789
2790
2790
2789
2789
2790
2790
2790
2790
2790
2790
2790
2790
2790
2790
2790
2790
2790
2790
2790
2790
2791
2791
2791
2792
2792
2792
2792
2793
2793
2793
2794
2794
2794
2795
2795
2795
2795
2795
2795
2794
2794
2794
2793
2792
2792
2791
2791
2790
2790
2789
2789
2788
2788
2788
2787
2787
2787
2788
2787
2788
2788
2789
2789
2789
2790
2790
2790
2791
2791
2791
2791
2791
2791
2791
2791
2791
2791
2791
2791
2791
2791
2790
2790
2791
2791
2791
2792
2792
2793
2793
2794
2794
2794
2795
2795
2795
2795
2794
2795
2795
2795
2795
2795
2795
2795
2796
2796
2796
2797
2797
2797
2798
2798
2798
2798
2798
2799
2799
2798
2798
2798
2799
2799
2799
2799
2799
2799
2799
2799
2800
2800
2801
2801
2801
2802
2802
2802
2802
2803
2803
2803
2803
2803
2803
2803
2802
2802
2801
2801
2800
2800
2800
2799
2799
2798
2798
2798
2797
2797
2796
2796
2796
2795
2795
2795
2794
2795
2795
2795
2795
2795
2794
2795
2795
2795
2795
2796
2796
2796
2797
2797
2798
2799
2799
2799
2799
2799
2800
2799
2800
2800
2800
2800
2800
2800
2800
2801
2801
2801
2801
2801
2801
2801
2802
2801
2802
2802
2803
2803
2803
2804
2804
2805
2805
2805
2805
2805
2804
2804
2804
2804
2804
2804
2803
2803
2803
2803
2803
2803
2803
2803
2803
2804
2804
2804
2805
2805
2805
2806
2806
2806
2806
2807
2806
2806
2806
2806
2806
2806
2806
2805
2805
2805
2805
2805
2805
2805
2805
2804
2804
2804
2804
2804
2803
2804
2804
2803
2803
2803
2803
2803
2803
2803
2803
2803
2803
2803
2803
2802
2802
2803
2803
