[PREW 437 count_idx:8, count_value:-24579]
2808
2807
2808
2808
2807
2808
2807
2807
2807
2808
2808
2808
2809
2809
2809
2809
2809
2809
2809
2809
2809
2809
2809
2808
2809
2808
2808
2809
2808
2808
2809
2809
2809
2809
2809
2809
2810
2809
2809
2809
2809
2809
2809
2809
2809
2809
2809
2809
2809
2809
2809
2809
2810
2809
2810
2810
2810
2810
2811
2811
2811
2811
2811
2811
2812
2812
2811
2812
2812
2812
2812
2812
2812
2813
2813
2813
2814
2814
2814
2814
2814
2814
2815
2815
2815
2816
2817
2817
2817
2818
2818
2818
2818
2818
2817
2818
2817
2817
2817
2817
2817
2818
2817
2817
2817
2816
2815
2816
2815
2815
2815
2815
2815
2816
2816
2817
2818
2818
2818
2819
2819
2819
2820
2820
2820
2820
2820
2820
2820
2821
2821
2821
2821
2821
2821
2821
2820
2820
2820
2820
2820
2820
2819
2819
2818
2818
2817
2817
2816
2815
2815
2815
2814
2814
2813
2813
2813
2812
2812
2812
2812
2812
2813
2812
2812
2812
2813
2813
2813
2813
2814
2814
2814
2814
2815
2815
2815
2815
2816
2817
2817
2817
2817
2817
2817
2817
2817
2817
2817
2816
2815
2815
2814
2814
2813
2812
2812
2811
2811
2811
2810
2810
2810
2809
2809
2809
2808
2808
2808
2808
2808
2809
2809
2810
2810
2811
2811
2812
2812
2812
2812
2813
2812
2812
2812
2812
2811
2812
2812
2812
2812
2812
2812
2813
2813
2813
2814
2814
2814
2814
2814
2813
2813
2813
2812
2812
2811
2810
2810
2810
2809
2809
2809
2809
2809
2809
2810
2810
2810
2811
2811
2811
2811
2811
2812
2812
2812
2813
2813
2813
2813
2813
2813
2813
2813
2813
2813
2813
2813
2812
2811
2811
2810
2809
2808
2808
2808
2807
2807
2807
2807
2807
2807
2807
2808
2808
2808
2808
2807
2807
2807
2807
2807
2807
2807
2807
2807
2808
2808
2808
2809
2809
2809
2811
2811
2812
2812
2812
2812
2812
2812
2812
2813
2813
2814
2815
2817
2819
2822
2825
2828
2833
2837
2842
2849
2856
2862
2871
2881
2889
2899
2912
2921
2932
2943
2953
2962
2972
2980
2987
2991
2995
2997
2992
2988
2983
2970
2958
2947
2928
2911
2895
2872
2850
2830
2802
2774
2749
2713
2676
2644
2605
2566
2532
2496
2460
2429
2399
2369
2344
2320
2297
2277
2259
2244
2230
2218
2210
2201
2195
2192
2188
2186
2186
2186
2187
2191
2194
2197
2202
2206
2209
2212
2215
2217
2218
2219
2219
2219
2219
2218
2223
2228
2232
2246
2262
2276
2298
2324
2345
2373
2404
2432
2464
2501
2535
2580
2646
2706
2781
2897
2998
3099
3229
3339
3435
3520
2800
2799
2799
2798
2798
2797
2797
2797
2796
2796
2796
2795
2796
2796
2796
2796
2796
2796
2797
2797
2797
2797
2798
2798
2798
2798
2799
2799
2799
2800
2800
2800
2801
2801
2802
2802
2802
2803
2803
2803
2804
2804
2804
2804
2804
2803
2804
2803
2803
2803
2802
2801
2801
2801
2801
2801
2801
2801
2801
2801
2802
2803
2803
2804
2805
2805
2806
2806
2806
2806
2806
2806
2806
2807
2807
2807
2807
2807
2807
2808
2808
2808
2808
2808
2808
2808
2808
2808
2807
2807
2807
2806
2807
2807
2806
2807
2807
2807
2806
2806
2806
2805
2805
2805
2805
2804
2804
2804
2803
2803
2803
2802
2802
2802
2802
2801
2801
2801
2801
2801
2801
2801
2801
2802
2802
2802
2803
2803
2804
2804
2804
2805
2805
2805
2805
2805
2805
2805
2806
2806
2806
2806
2806
2806
2806
2806
2806
2806
2806
2806
2807
2807
2807
2807
2808
2808
2808
2809
2809
2809
2810
2810
2811
2811
2811
2811
2812
2811
2811
2811
2811
2810
2810
2809
2808
2808
2807
2806
2806
2805
2805
2804
2804
2804
2803
2803
2802
2802
2802
2802
2802
2801
2801
2801
2801
2801
2801
2800
2800
2800
2800
2800
2800
2800
2801
2801
2802
2802
2803
2803
2803
2803
2804
2804
2804
2805
2805
2805
2806
2806
2806
2806
2807
2806
2807
2807
2807
2808
2808
2808
2808
2809
2809
2809
2809
2809
2809
2809
2809
2809
2809
2809
2809
2809
2810
2810
2810
2810
2810
2811
2811
2811
2811
2811
2811
2811
2811
2810
2811
2811
2810
2811
2810
2810
2809
2809
2808
2808
2808
2808
2807
2807
2806
2806
2806
2805
2805
2805
2805
2805
2805
2805
2806
2806
2806
2807
2807
2807
2807
2807
2807
2807
2806
2806
2805
2806
2805
2805
2805
2805
2805
2805
2805
2805
2806
2806
2806
2807
2807
2807
2808
2808
2808
2809
2809
2809
2809
2809
2809
2809
2810
2810
2810
2810
2810
2810
2810
2810
2809
2809
2808
2808
2807
2807
2806
2806
2805
2804
2804
2804
2804
2804
2803
2803
2803
2803
2803
2804
2804
2804
2804
2805
2805
2805
2805
2805
2806
2806
2806
2807
2807
2807
2808
[POSTW]
3594
3658
3714
3762
3804
3841
3872
3900
3924
3945
3963
3979
3993
4004
4015
4024
4032
4039
4045
4050
4054
4058
4062
4065
4068
4070
4072
4074
4075
4076
4078
4079
4079
4081
4081
4082
4082
4083
4083
4083
4083
4083
4081
4079
4076
4056
4039
4024
3996
3972
3951
3922
3894
3872
3834
3798
3767
3725
3683
3647
3607
3567
3533
3500
3469
3442
3419
3400
3383
3368
3357
3344
3334
3328
3321
3315
3308
3302
3295
3283
3272
3260
3238
3218
3198
3170
3145
3121
3091
3064
3039
3008
2980
2955
2923
2893
2865
2832
2800
2771
2737
2703
2672
2634
2594
2560
2520
2478
2442
2407
2373
2344
2321
2302
2286
2274
2267
2261
2257
2256
2254
2255
2259
2263
2267
2281
2292
2302
2322
2339
2354
2377
2397
2414
2437
2458
2476
2495
2512
2527
2539
2550
2560
2564
2565
2567
2562
2553
2546
2534
2518
2504
2483
2456
2433
2401
2360
2325
2284
2232
2188
2143
2087
2040
1996
1942
1896
1855
1804
1762
1725
1676
1634
1600
1557
1521
1490
1461
1436
1414
1398
1384
1372
1367
1364
1360
1366
1373
1379
1392
1406
1418
1440
1466
1487
1518
1556
1587
1621
1660
1692
1724
1759
1788
1818
1859
1893
1926
1970
2007
2039
2076
2106
2133
2161
2185
2205
2224
2240
2253
2261
2268
2273
2271
2266
2263
2254
2245
2236
2224
2210
2198
2178
2155
2135
2113
2088
2067
2048
2030
2014
2000
1985
1972
1958
1942
1928
1914
1901
1890
1880
1876
1873
1870
1872
1874
1875
1878
1880
1881
1882
1882
1882
1886
1888
1890
1899
1907
1913
1924
1933
1941
1951
1960
1967
1976
1987
1995
2007
2021
2033
2048
2065
2079
2093
2109
2122
2134
2147
2157
2166
2176
2183
2189
2196
2201
2204
2206
2207
2208
2204
2201
2198
2192
2185
2179
2167
2154
2144
2129
2114
2102
2089
2076
2066
2056
2048
2041
2034
2027
2021
2016
2010
2005
2002
2001
1999
1999
2001
2003
2004
2007
2008
2009
2008
2006
2005
2001
1997
1993
1991
1988
1985
1987
1988
1989
1991
1992
1993
1994
1994
1994
1997
2000
2002
2009
2016
2022
2030
2038
2045
2053
2059
2064
2069
2073
2076
2080
2084
2088
2091
2096
2099
2101
2101
2102
2101
2097
2092
2088
2082
2077
2072
2068
2063
2059
2055
2050
2045
2041
2037
2033
2030
2028
2026
2026
2025
2024
2022
2020
2019
2016
2013
2010
2008
2006
2004
2003
2002
2002
2002
2003
2004
2004
2007
2008
2010
2013
2014
2016
2019
2021
2022
2025
2026
2027
2029
2029
2029
2031
2032
2033
2035
2037
2039
2040
2040
2040
2040
2038
2036
2036
2035
2034
2035
2036
2037
2039
2041
2042
2044
2046
2048
2050
2053
2056
2058
2063
2066
2069
2073
2077
2079
2082
2084
2085
2085
2085
2084
2084
2084
2083
2084
2084
2083
2083
2081
2079
2076
2071
2067
2063
2058
2054
2050
2046
2043
2041
2039
2037
2037
2036
2035
2035
2035
2034
2034
2035
2035
2035
2038
2040
2043
2048
2052
2055
2060
2063
2066
2070
2072
2074
2077
2080
2081
2085
2087
2089
2092
2094
2096
2098
2101
2102
2104
2104
2105
2106
2107
2107
2108
2108
2109
2109
2109
2109
2108
2106
2104
2101
2096
2092
2090
2100
2107
2118
2158
2193
2224
2289
2345
2395
2505
2605
2695
2856
3004
3134
3255
3362
3456
3538
3609
3671
3725
3772
3813
3848
3879
3906
3929
3949
3967
3982
3996
4007
4017
4027
4034
4041
4046
4051
4056
4060
4063
4066
4068
4071
4072
4074
4076
4077
4078
4079
4080
4082
4082
4083
4083
4085
4085
4083
4086
4083
4086
4084
4086
4086
4084
4085
4085
4086
4085
4086
4085
4087
4085
4087
4086
4086
4086
4086
4085
4086
4086
4086
4086
4086
4087
4086
4087
4086
4087
4087
4087
4087
4086
4087
4086
4086
4086
4087
4087
4087
4087
4087
4087
4087
4086
4084
4060
4028
4000
3949
3888
3834
3769
3694
3629
3562
3492
3430
3370
3309
3255
3205
3153
3107
3065
3024
2986
2950
2922
2893
2870
2855
2841
2829
2826
2824
2821
2830
2836
2843
2852
2861
2868
2880
2890
2901
2913
2926
2936
2947
2957
2966
2971
2973
2975
2971
2963
2955
2942
2924
2907
2887
2858
2832
2804
2770
2739
2708
2672
2639
2607
2568
2533
2500
2463
2430
2402
2376
2353
2333
2326
2319
2314
2316
2319
2322
2329
2336
2342
2352
2362
2370
2379
2389
2397
2402
2405
2407
2406
2402
2399
2392
2382
2374
2362
2347
2333
2319
2303
2289
2277
2266
2255
2246
2239
2232
2226
2223
2220
2218
2221
2224
2227
2239
2249
2259
2273
2287
2298
2310
2320
2328
2332
2335
2337
2333
2325
2319
2308
2292
2279
2264
2246
2230
2214
2198
2184
2170
2158
2147
2138
2132
2128
2125
2128
2131
2133
2141
2147
2152
2160
2166
2171
2177
2182
2185
2186
2186
2186
2182
2177
2173
2165
2158
2151
2141
2130
2120
2106
2090
2076
2061
2045
2031
2018
2007
1997
1989
1981
1976
1971
1970
1968
1968
1971
1973
1976
1981
1984
1987
1990
1991
1992
1995
1997
1998
2005
2009
2013
2018
2022
2025
2026
2025
2024
2023
2021
2020
2020
2020
2020
2020
2020
2019
2017
2013
2009
2005
1999
1993
1989
1984
1980
1977
1972
1969
1964
1957
1951
1944
1938
1931
1926
1924
1922
1919
1921
1922
1922
1924
1925
1926
1932
1936
1939
1948
1956
1962
1971
1978
1985
1992
1997
2001
2005
2008
2010
2014
2019
2024
2028
2034
2039
2044
2049
2053
2056
2060
2062
2065
2071
2075
2079
2089
2096
2102
2113
2121
2128
2137
2145
2151
2160
2167
2173
2181
2187
2193
2198
2202
2205
2209
2210
2211
2212
2213
2213
2215
2217
2218
2220
2223
2225
2227
2228
2229
2231
2233
2235
2236
2238
2239
2240
2242
2243
2243
2244
2243
2243
2243
2242
2241
2241
2239
2238
2237
2235
2233
2232
2231
2230
2230
2230
2230
2231
2232
2233
2234
2236
2238
2241
2243
2245
2248
2252
2255
2258
2263
2266
2269
2273
2277
2279
2283
2285
2287
2289
2290
2291
2291
2290
2290
2288
2285
2283
2278
2272
2267
2260
2253
2246
2238
2229
2221
2213
2204
2196
2188
2181
2173
2168
2163
2158
2155
2152
2149
2147
2146
2144
2143
2143
2142
2141
2142
2142
2142
2142
2142
2142
2143
2143
2142
2143
2144
2144
2144
2143
2142
2141
2139
2137
2136
2135
2134
2133
2133
2132
2132
2132
2132
2132
2131
2131
2130
2129
2128
2127
2126
2124
2123
2122
2120
2119
2117
2114
2113
2110
2108
2105
2104
2102
2099
2098
2096
2094
2092
2089
2087
2083
2079
2075
2072
2069
2065
2062
2058
2054
2051
2046
2043
2039
2036
2033
2029
2026
2023
2020
2018
2015
2013
2010
2008
2006
2005
2003
2002
2003
2003
2003
2006
2007
2008
2011
2013
2015
2018
2020
2021
2025
2027
2029
2033
2036
2038
2041
2042
2043
2044
2043
2043
2043
2042
2041
2040
2037
2036
2034
2031
2029
2026
2023
2020
2017
2013
2010
2008
2006
2004
2003
2002
2002
2001
2000
2000
1998
1997
1995
1994
1992
1990
1988
1988
1987
1986
1985
1984
1983
1983
1982
1981
1982
1982
1982
1984
1986
1987
1989
1992
1994
1997
2000
2002
2005
2008
2010
2012
2015
2017
2018
2021
2022
2024
2026
2028
2030
2032
2034
2034
2038
2039
2041
2043
2044
2045
2048
2049
2050
2052
2053
2054
2056
2056
2057
2058
2058
2059
2061
2063
2064
2067
2071
2074
2079
2085
2090
2097
2104
2109
2116
2125
2132
2139
2150
2160
2168
2181
2192
2201
2213
2224
2233
2246
2257
2266
2280
2292
2302
2316
2329
2339
2354
2367
2378
2394
2409
2422
2438
2455
2469
2484
2500
2513
2528
2542
2555
2569
2583
2596
2608
2620
2630
2640
2650
2658
2666
2674
2681
2687
2697
2705
2711
2720
2727
2734
2745
2755
2764
2783
2801
2817
2852
2885
2915
2969
3021
3067
3136
3204
3264
3344
3427
3498
3569
3636
3693
3744
3789
3827
3861
3890
3916
3938
3957
3974
3989
4001
4012
4022
4030
4037
4043
4049
4054
4058
4061
4065
4067
4069
4072
4074
4075
4077
4077
4079
4080
4080
4081
4082
4083
4083
4083
4084
4084
4084
4085
4085
4085
4085
4085
4086
4085
4086
4086
4086
4086
4086
4086
4086
4086
4086
4086
4087
4086
4087
4087
4087
4087
4087
4087
4087
4087
4087
4087
4087
4087
4087
4087
4086
4086
4085
4084
4083
4079
4073
4067
4056
4041
4028
4010
3989
3970
3947
3918
3894
3866
3832
3802
3770
3730
3694
3658
3614
3575
3537
3491
3450
3413
3370
3331
3296
3255
3219
3186
3147
3111
3079
3042
3008
2977
2945
2914
2887
2861
2837
2815
2795
2776
2759
2743
2728
2714
2702
2692
2682
2674
2667
2661
2657
2654
2652
2650
2651
2651
2652
2655
2657
2659
2665
2670
2674
2683
2690
2697
2706
2713
2720
2728
2735
2741
2747
2752
2756
2759
2761
2764
2765
2765
2765
2765
2764
2763
2763
2764
2765
2767
2769
2771
2775
2779
2783
2789
2799
2807
2817
2833
2847
2861
2882
2901
2918
2941
2961
2979
3004
3025
3044
3069
3092
3112
3138
3160
3181
3206
3228
3249
3271
3291
3308
3327
3345
3360
3378
3394
3409
3426
3443
3459
3476
3494
3510
3527
3546
3563
3581
3603
3622
3641
3667
3688
3710
3740
3765
3788
3822
3850
3875
3903
3925
3945
3963
3979
3992
4005
4015
4024
4032
4039
4045
4051
4055
4059
4063
4066
4069
4071
4073
4075
4076
4077
4078
4079
4081
4081
4082
4082
4082
4082
4082
4081
4081
4080
4079
4077
4072
4067
4062
4052
4043
4034
4021
4008
3997
3982
3969
3957
3943
3930
3920
3907
3895
3884
3871
3859
3849
3836
3824
3814
3801
3788
3777
3764
3750
3738
3723
3707
3693
3676
3657
3639
3620
3597
3576
3556
3530
3507
3485
3457
3431
3408
3378
3352
3328
3298
3271
3247
3217
3190
3166
3138
3112
3088
3061
3037
3014
2989
2965
2943
2919
2896
2875
2853
2832
2813
2792
2772
2753
2734
2714
2696
2678
2659
2642
2625
2608
2592
2578
2562
2548
2535
2522
2510
2500
2489
2479
2470
2459
2450
2441
2430
2421
2412
2403
2394
2386
2377
2368
2360
2351
2341
2333
2323
2313
2304
2293
2282
2272
2261
2250
2240
2230
2220
2211
2202
2193
2185
2178
2170
2163
2158
2152
2146
2141
2137
2132
2128
2125
2121
2118
2115
2111
2108
2105
2101
2098
2096
2093
2090
2089
2087
2085
2084
2083
2082
2080
2078
2076
2075
2072
2070
2068
2065
2062
2058
2053
2049
2044
2037
2032
2026
2018
2012
2005
1997
1990
1983
1976
1968
1962
1956
1950
1945
1943
1941
1939
1940
1941
1940
1944
1946
1948
1952
1956
1959
1965
1970
1974
1979
1983
1987
1992
1994
1997
1999
2002
2003
2004
