[PREW 217 count_idx:1, count_value:63482]
2208
2209
2209
2208
2208
2208
2207
2208
2208
2207
2208
2209
2209
2210
2211
2213
2214
2217
2218
2220
2223
2225
2226
2228
2230
2231
2231
2230
2229
2228
2225
2223
2219
2215
2211
2206
2201
2196
2191
2186
2181
2176
2171
2166
2162
2158
2154
2150
2147
2144
2141
2138
2137
2135
2133
2132
2132
2131
2131
2130
2130
2130
2129
2129
2128
2126
2125
2124
2122
2120
2118
2116
2113
2111
2109
2107
2104
2102
2101
2099
2098
2097
2096
2095
2094
2094
2093
2093
2094
2094
2094
2094
2094
2094
2094
2093
2093
2092
2090
2089
2087
2084
2081
2078
2074
2070
2067
2061
2057
2053
2047
2041
2036
2031
2025
2020
2016
2011
2007
2003
2000
1997
1994
1992
1990
1988
1987
1986
1985
1984
1984
1984
1984
1984
1985
1985
1985
1984
1984
1984
1983
1983
1982
1981
1979
1978
1977
1975
1974
1973
1972
1971
1970
1969
1968
1967
1968
1968
1968
1970
1972
1973
1976
1978
1980
1983
1987
1990
1993
1997
2000
2003
2007
2010
2013
2017
2020
2022
2027
2032
2036
2042
2052
2059
2067
2080
2092
2101
2118
2134
2146
2165
2185
2201
2217
2233
2247
2261
2278
2292
2305
2335
2361
2383
2429
2477
2519
2592
2684
2766
2866
3014
3141
3252
3359
3453
3534
2795
2796
2796
2796
2796
2796
2796
2796
2796
2796
2796
2795
2795
2795
2795
2795
2795
2795
2795
2794
2794
2794
2793
2793
2792
2792
2791
2791
2790
2790
2789
2789
2789
2789
2789
2789
2789
2789
2790
2790
2790
2790
2790
2791
2791
2791
2792
2792
2793
2793
2794
2794
2794
2794
2794
2794
2794
2795
2795
2796
2797
2797
2798
2798
2799
2800
2800
2801
2801
2802
2802
2803
2803
2804
2804
2804
2804
2804
2804
2804
2804
2804
2804
2804
2804
2804
2804
2804
2804
2804
2804
2804
2804
2803
2803
2803
2803
2803
2802
2802
2801
2800
2799
2799
2798
2797
2797
2796
2795
2794
2793
2793
2792
2791
2791
2791
2791
2791
2791
2791
2791
2791
2792
2792
2792
2792
2792
2792
2791
2791
2791
2791
2791
2790
2790
2790
2790
2791
2791
2791
2791
2791
2791
2791
2791
2791
2791
2790
2790
2790
2790
2789
2789
2789
2789
2789
2789
2789
2788
2788
2788
2788
2789
2789
2789
2789
2789
2789
2789
2790
2790
2790
2791
2791
2791
2791
2791
2790
2790
2790
2790
2789
2790
2790
2789
2790
2789
2789
2789
2789
2789
2789
2789
2789
2789
2789
2789
2789
2790
2790
2790
2790
2790
2790
2790
2790
2789
2789
2789
2789
2788
2788
2788
2788
2788
2788
2788
2788
2789
2789
2789
2790
2791
2791
2792
2792
2793
2793
2794
2795
2795
2796
2796
2797
2797
2798
2797
2798
2798
2798
2797
2797
2797
2797
2797
2796
2796
2796
2796
2796
2796
2796
2796
2796
2796
2797
2797
2797
2797
2797
2797
2797
2796
2797
2796
2796
2795
2795
2795
2794
2793
2793
2792
2791
2790
2789
2789
2788
2787
2786
2785
2785
2784
2784
2783
2783
2783
2782
2782
2782
2782
2782
2782
2782
2782
2782
2782
2782
2782
2783
2783
2784
2784
2784
2785
2785
2786
2786
2786
2786
2786
2786
2786
2786
2786
2786
2787
2787
2787
2787
2787
2788
2788
2789
2789
2789
2790
2790
2791
2791
2791
2791
2791
2791
2791
2791
2791
2790
2789
2789
2789
2789
2789
2788
2789
2789
2789
2789
2789
2790
2790
2790
2790
2790
2791
2791
2791
2791
2792
2791
2792
2792
2792
2792
2792
2792
2792
2792
2792
2792
2792
2792
2792
2793
2793
2793
2793
2793
2794
2794
2793
2794
2794
2794
2794
2794
2794
2795
2795
2796
2796
2796
2797
2797
2797
2797
2798
2798
2798
2799
2799
2799
2799
2799
2799
2799
2799
2799
2799
2799
2799
2799
2799
2800
2799
2799
2799
2799
2797
2795
2794
2790
2785
2781
2774
2765
2756
2747
2733
2721
2709
2691
2675
2660
2639
2618
2600
2578
2553
2531
2509
2483
2459
2439
2411
2388
2367
2343
2320
2299
2278
2255
2236
2218
2196
2178
2162
2143
2126
2111
2094
2078
2065
2051
2036
2023
2011
1999
1988
1978
1968
1959
1951
1945
1939
1934
1933
1932
1932
1934
1938
1942
1946
1955
1963
1969
1982
1993
2002
2014
2026
2037
2048
2060
2070
2079
2090
2098
2105
2112
2118
2122
2126
2128
2130
2131
2131
2131
2130
2127
2125
2122
2118
2114
2110
2106
2101
2098
2094
2091
2089
2086
2085
2085
2084
2085
2086
2086
2088
2090
2091
2094
2097
2100
2101
2103
2105
2106
2107
2108
2108
2109
2109
2109
2110
2110
2111
2111
2111
2112
2112
2114
2116
2117
2120
2122
2125
2128
2132
2135
2138
2143
2147
2150
2156
2161
2164
2170
2175
2180
2185
2189
2193
2196
2199
2202
2204
2206
2207
2207
2208
2208
2208
[POSTW]
3606
3668
3721
3768
3809
3845
3875
3902
3926
3946
3964
3979
3993
4005
4015
4024
4032
4038
4044
4049
4054
4057
4061
4064
4067
4069
4070
4072
4074
4075
4076
4077
4078
4079
4080
4081
4081
4082
4082
4082
4083
4083
4083
4084
4084
4084
4084
4084
4085
4085
4085
4085
4086
4086
4086
4086
4086
4086
4086
4086
4086
4086
4086
4086
4086
4087
4087
4087
4086
4087
4087
4086
4086
4087
4086
4086
4086
4086
4086
4086
4086
4087
4087
4086
4087
4087
4087
4087
4087
4087
4087
4087
4087
4087
4087
4087
4087
4087
4087
4087
4087
4087
4087
4087
4087
4087
4087
4087
4087
4087
4087
4087
4087
4087
4087
4087
4087
4087
4087
4087
4087
4087
4087
4087
4087
4087
4087
4087
4087
4087
4087
4086
4086
4076
4068
4061
4033
4007
3984
3946
3905
3868
3827
3776
3732
3690
3636
3589
3547
3494
3446
3404
3356
3308
3266
3224
3179
3140
3103
3065
3031
3001
2970
2942
2917
2893
2870
2848
2828
2808
2789
2772
2756
2741
2728
2716
2705
2696
2686
2677
2669
2660
2653
2646
2639
2635
2630
2626
2624
2622
2620
2620
2621
2621
2623
2625
2627
2630
2633
2636
2639
2644
2647
2651
2654
2657
2660
2660
2660
2660
2659
2655
2652
2649
2643
2637
2631
2622
2614
2606
2593
2580
2568
2553
2534
2518
2501
2478
2457
2439
2414
2391
2371
2348
2326
2306
2286
2265
2246
2230
2213
2199
2187
2177
2168
2160
2157
2155
2154
2156
2162
2166
2172
2184
2194
2202
2216
2228
2238
2250
2261
2272
2283
2294
2304
2314
2324
2333
2340
2347
2352
2357
2358
2358
2358
2355
2352
2349
2345
2342
2339
2336
2335
2333
2332
2332
2331
2331
2331
2332
2332
2333
2334
2335
2336
2337
2338
2339
2340
2340
2341
2339
2337
2335
2332
2327
2323
2317
2309
2302
2296
2285
2276
2268
2255
2242
2231
2217
2201
2188
2175
2160
2148
2136
2126
2117
2109
2103
2098
2094
2091
2089
2088
2086
2087
2088
2088
2093
2096
2099
2104
2108
2112
2114
2116
2117
2117
2114
2111
2109
2103
2098
2093
2086
2078
2071
2061
2049
2039
2026
2009
1995
1982
1962
1946
1932
1914
1897
1884
1869
1854
1842
1830
1819
1809
1801
1792
1784
1778
1770
1763
1757
1750
1742
1736
1728
1718
1710
1702
1691
1682
1674
1664
1655
1647
1638
1630
1624
1616
1608
1601
1595
1588
1581
1576
1569
1564
1558
1554
1550
1546
1545
1544
1543
1544
1549
1553
1558
1568
1576
1583
1594
1603
1611
1622
1634
1644
1657
1674
1687
1700
1720
1735
1748
1765
1780
1791
1806
1819
1829
1840
1852
1862
1871
1883
1894
1902
1915
1926
1935
1946
1957
1966
1975
1984
1992
1999
2008
2015
2021
2030
2038
2045
2053
2061
2068
2074
2082
2087
2093
2101
2107
2112
2120
2125
2130
2137
2142
2146
2150
2154
2158
2161
2165
2169
2172
2176
2180
2182
2188
2193
2198
2204
2211
2218
2225
2234
2242
2249
2259
2268
2275
2285
2295
2303
2314
2324
2334
2344
2356
2367
2376
2389
2399
2408
2420
2429
2438
2448
2457
2465
2473
2480
2487
2493
2499
2505
2509
2516
2522
2527
2535
2543
2551
2562
2574
2585
2597
2614
2629
2644
2668
2689
2709
2737
2764
2789
2820
2853
2882
2913
2950
2982
3012
3052
3088
3119
3159
3197
3230
3269
3309
3343
3378
3418
3452
3483
3522
3556
3585
3622
3655
3684
3717
3750
3778
3808
3842
3869
3894
3919
3940
3957
3974
3988
4001
4011
4021
4029
4036
4042
4048
4052
4057
4060
4063
4066
4069
4071
4073
4074
4075
4077
4078
4079
4079
4080
4081
4081
4082
4083
4083
4083
4083
4083
4083
4083
4082
4082
4080
4079
4077
4070
4064
4059
4042
4026
4011
3983
3949
3920
3884
3836
3795
3756
3701
3653
3612
3559
3511
3470
3425
3382
3344
3306
3268
3234
3202
3167
3136
3109
3078
3049
3024
3000
2977
2957
2939
2922
2907
2894
2883
2873
2863
2857
2851
2845
2843
2842
2841
2841
2842
2843
2844
2845
2846
2846
2846
2845
2844
2843
2843
2842
2843
2845
2847
2851
2859
2867
2874
2889
2901
2913
2929
2945
2959
2975
2993
3008
3024
3044
3060
3076
3094
3110
3124
3136
3146
3156
3162
3166
3170
3172
3173
3173
3172
3169
3166
3164
3158
3153
3149
3141
3135
3129
3122
3114
3107
3100
3094
3088
3082
3078
3075
3071
3069
3068
3067
3065
3064
3063
3061
3058
3055
3053
3050
3047
3044
3040
3036
3033
3027
3021
3016
3009
3001
2993
2985
2975
2966
2958
2949
2941
2933
2926
2919
2913
2906
2900
2895
2890
2885
2881
2877
2873
2870
2867
2864
2861
2858
2854
2849
2845
2841
2835
2829
2824
2815
2808
2801
2793
2784
2775
2766
2755
2746
2736
2724
2713
2702
2690
2678
2668
2656
2645
2635
2625
2616
2607
2600
2594
2588
2583
2580
2576
2573
2570
2568
2565
2562
2559
2556
2553
2549
2546
2543
2539
2535
2532
2528
2523
2520
2516
2511
2507
2503
2498
2494
2490
2485
2481
2477
2474
2472
2470
2469
2469
2468
2469
2471
2472
2473
2477
2479
2482
2487
2490
2494
2498
2502
2505
2508
2512
2515
2517
2521
2523
2525
2526
2527
2528
2528
2528
2527
2526
2524
2522
2519
2514
2509
2505
2498
2491
2485
2477
2470
2464
2456
2448
2442
2435
2427
2420
2414
2405
2398
2392
2384
2377
2370
2363
2356
2349
2343
2337
2331
2326
2323
2319
2316
2316
2316
2316
2319
2323
2326
2331
2338
2345
2352
2363
2373
2382
2398
2412
2424
2441
2458
2472
2490
2509
2526
2543
2566
2585
2603
2627
2648
2667
2691
2715
2736
2759
2783
2805
2827
2852
2873
2893
2917
2938
2958
2979
3000
3018
3037
3056
3073
3090
3107
3123
3137
3154
3169
3183
3199
3215
3228
3242
3255
3267
3278
3291
3302
3311
3323
3334
3344
3355
3366
3375
3385
3395
3403
3412
3421
3429
3436
3445
3453
3460
3468
3475
3482
3490
3497
3504
3511
3518
3524
3530
3538
3544
3550
3557
3564
3570
3576
3583
3589
3594
3599
3604
3607
3611
3615
3617
3619
3621
3623
3622
3622
3622
3619
3616
3613
3609
3603
3597
3592
3583
3576
3571
3561
3553
3546
3537
3527
3519
3510
3499
3490
3481
3469
3459
3450
3436
3424
3414
3401
3389
3378
3365
3352
3340
3328
3314
3301
3290
3274
3261
3249
3234
3220
3208
3194
3179
3167
3154
3140
3128
3116
3103
3091
3080
3067
3056
3046
3035
3025
3015
3006
2998
2990
2983
2975
2968
2962
2956
2950
2944
2938
2933
2929
2924
2920
2916
2912
2909
2905
2902
2899
2896
2893
2890
2888
2886
2883
2882
2881
2880
2879
2879
2879
2880
2880
2880
2880
2881
2881
2881
2882
2883
2883
2884
2884
2885
2886
2886
2886
2886
2886
2886
2886
2886
2886
2885
2885
2885
2884
2883
2883
2883
2882
2882
2881
2881
2882
2882
2883
2884
2886
2887
2891
2893
2896
2899
2902
2905
2909
2913
2916
2919
2923
2926
2929
2932
2935
2938
2940
2943
2945
2947
2948
2950
2950
2951
2951
2951
2951
2951
2952
2951
2951
2951
2950
2950
2949
2949
2948
2948
2946
2945
2944
2943
2942
2941
2940
2938
2937
2936
2934
2933
2931
2928
2926
2923
2920
2916
2912
2909
2904
2899
2895
2890
2885
2881
2876
2870
2865
2861
2855
2850
2846
2841
2836
2832
2827
2824
2820
2817
2814
2811
2808
2805
2802
2800
2797
2795
2793
2790
2788
2786
2784
2781
2779
2777
2774
2772
2770
2767
2764
2762
2759
2755
2753
2750
2747
2745
2742
2739
2736
2733
2729
2726
2723
2720
2716
2713
2710
2707
2704
2701
2698
2695
2692
2689
2685
2683
2679
2676
2673
2670
2666
2663
2659
2655
2651
2647
2643
2639
2635
2630
2626
2622
2618
2614
2611
2607
2603
2600
2597
2595
2592
2590
2588
2587
2585
2584
2583
2583
2582
2582
2582
2582
2582
2582
2582
2582
2582
2582
2581
2581
2581
2580
2579
2578
2577
2575
2573
2571
2569
2567
2565
2563
2562
2560
2557
2555
2553
2551
2548
2546
2544
2541
2539
2537
2533
2530
2528
2525
2521
2518
2514
2510
2507
2503
2498
2494
2490
2484
2480
2475
2470
2465
2460
2455
2449
2444
2439
2434
2429
2425
2421
2417
2414
2410
2407
2403
2400
2396
2393
2390
2387
2384
2382
2379
2377
2375
2373
2371
2369
2367
2365
2363
2361
2359
2358
2356
2355
2354
2353
2352
2350
2350
2349
2347
2346
2345
2345
2345
2344
2345
2345
2346
2347
2348
2350
2351
2353
2354
2355
2357
2359
2360
2362
2363
2365
2366
2368
2370
2371
2373
2374
2376
2378
2379
2381
2383
2385
2387
2390
2392
2395
2398
2402
2406
2409
2414
2419
2423
2429
2435
2440
2447
2453
2459
2466
2472
2478
2485
2492
2498
2504
2511
2518
2523
2530
2537
2543
2549
2556
2562
2568
2574
2580
2585
2592
2599
2604
2612
2618
2625
2631
2638
2644
2651
2658
2664
2671
2678
2685
2691
2700
2707
2714
2721
2729
2735
2742
2749
2755
2761
2767
2773
2778
2784
2789
2793
2798
2802
2805
2809
2812
2815
2818
2821
2823
2825
2828
2831
2833
2835
2838
2840
2842
2845
2847
2850
2852
2854
2856
2859
2861
2863
2866
2868
2870
2872
2873
2874
2875
2875
2876
2876
2877
2877
2877
2877
2877
2877
2877
2876
2876
2875
2874
2874
2873
2872
2871
2870
2869
2869
2868
2866
2865
2864
2862
2861
2860
2858
2856
2855
2853
2852
2851
2849
2847
2845
2843
2840
2837
2835
2832
2828
2825
2821
2818
2814
2811
2808
2804
2801
2798
2795
2792
2789
2786
2783
2781
2779
2777
2775
2773
2772
2770
2769
2768
2767
2765
2765
2764
2763
2762
2761
2760
2759
2758
2757
2756
2755
2754
2752
2751
2749
2748
2747
2746
2745
2744
2744
2743
2743
2744
2744
2744
2744
2745
2746
2747
2749
2750
2752
2754
2756
2758
2760
2762
2763
2765
2767
2769
2770
2772
2773
2775
2776
2778
2779
2780
2782
2783
2785
2786
2788
2791
2792
2794
2797
2799
2800
2803
2805
2808
2810
2811
2813
2815
2818
2819
2821
2823
2825
2826
2829
2831
2832
2833
2834
2835
2836
2836
2836
2836
2835
2834
2833
2833
2832
2832
2830
2830
2829
2827
2826
2825
2823
2822
2821
2819
2818
2817
2816
2814
2813
2812
2811
2810
2809
2807
2806
2805
2803
2803
2802
2801
2799
2798
2797
2796
2795
2794
2792
2790
2789
2787
2785
2783
2782
2781
2779
2778
2777
2776
2775
2774
2774
2774
2773
2774
2775
2775
2776
2777
2777
2778
2779
2780
2780
2781
2781
2782
2783
2783
2783
2784
2785
2785
2785
2786
2786
2786
2787
2787
2788
2788
2789
2789
2791
2792
2793
2795
2797
2798
2800
2802
2804
2806
2808
2810
2812
2814
2817
2819
2822
2824
2826
2829
2831
2833
