2208
2209
2209
2208
2208
2208
2207
2208
2208
2207
2208
2209
2209
2210
2211
2213
2214
2217
2218
2220
2223
2225
2226
2228
2230
2231
2231
2230
2229
2228
2225
2223
2219
2215
2211
2206
2201
2196
2191
2186
2181
2176
2171
2166
2162
2158
2154
2150
2147
2144
2141
2138
2137
2135
2133
2132
2132
2131
2131
2130
2130
2130
2129
2129
2128
2126
2125
2124
2122
2120
2118
2116
2113
2111
2109
2107
2104
2102
2101
2099
2098
2097
2096
2095
2094
2094
2093
2093
2094
2094
2094
2094
2094
2094
2094
2093
2093
2092
2090
2089
2087
2084
2081
2078
2074
2070
2067
2061
2057
2053
2047
2041
2036
2031
2025
2020
2016
2011
2007
2003
2000
1997
1994
1992
1990
1988
1987
1986
1985
1984
1984
1984
1984
1984
1985
1985
1985
1984
1984
1984
1983
1983
1982
1981
1979
1978
1977
1975
1974
1973
1972
1971
1970
1969
1968
1967
1968
1968
1968
1970
1972
1973
1976
1978
1980
1983
1987
1990
1993
1997
2000
2003
2007
2010
2013
2017
2020
2022
2027
2032
2036
2042
2052
2059
2067
2080
2092
2101
2118
2134
2146
2165
2185
2201
2217
2233
2247
2261
2278
2292
2305
2335
2361
2383
2429
2477
2519
2592
2684
2766
2866
3014
3141
3252
3359
3453
3534
2795
2796
2796
2796
2796
2796
2796
2796
2796
2796
2796
2795
2795
2795
2795
2795
2795
2795
2795
2794
2794
2794
2793
2793
2792
2792
2791
2791
2790
2790
2789
2789
2789
2789
2789
2789
2789
2789
2790
2790
2790
2790
2790
2791
2791
2791
2792
2792
2793
2793
2794
2794
2794
2794
2794
2794
2794
2795
2795
2796
2797
2797
2798
2798
2799
2800
2800
2801
2801
2802
2802
2803
2803
2804
2804
2804
2804
2804
2804
2804
2804
2804
2804
2804
2804
2804
2804
2804
2804
2804
2804
2804
2804
2803
2803
2803
2803
2803
2802
2802
2801
2800
2799
2799
2798
2797
2797
2796
2795
2794
2793
2793
2792
2791
2791
2791
2791
2791
2791
2791
2791
2791
2792
2792
2792
2792
2792
2792
2791
2791
2791
2791
2791
2790
2790
2790
2790
2791
2791
2791
2791
2791
2791
2791
2791
2791
2791
2790
2790
2790
2790
2789
2789
2789
2789
2789
2789
2789
2788
2788
2788
2788
2789
2789
2789
2789
2789
2789
2789
2790
2790
2790
2791
2791
2791
2791
2791
2790
2790
2790
2790
2789
2790
2790
2789
2790
2789
2789
2789
2789
2789
2789
2789
2789
2789
2789
2789
2789
2790
2790
2790
2790
2790
2790
2790
2790
2789
2789
2789
2789
2788
2788
2788
2788
2788
2788
2788
2788
2789
2789
2789
2790
2791
2791
2792
2792
2793
2793
2794
2795
2795
2796
2796
2797
2797
2798
2797
2798
2798
2798
2797
2797
2797
2797
2797
2796
2796
2796
2796
2796
2796
2796
2796
2796
2796
2797
2797
2797
2797
2797
2797
2797
2796
2797
2796
2796
2795
2795
2795
2794
2793
2793
2792
2791
2790
2789
2789
2788
2787
2786
2785
2785
2784
2784
2783
2783
2783
2782
2782
2782
2782
2782
2782
2782
2782
2782
2782
2782
2782
2783
2783
2784
2784
2784
2785
2785
2786
2786
2786
2786
2786
2786
2786
2786
2786
2786
2787
2787
2787
2787
2787
2788
2788
2789
2789
2789
2790
2790
2791
2791
2791
2791
2791
2791
2791
2791
2791
2790
2789
2789
2789
2789
2789
2788
2789
2789
2789
2789
2789
2790
2790
2790
2790
2790
2791
2791
2791
2791
2792
2791
2792
2792
2792
2792
2792
2792
2792
2792
2792
2792
2792
2792
2792
2793
2793
2793
2793
2793
2794
2794
2793
2794
2794
2794
2794
2794
2794
2795
2795
2796
2796
2796
2797
2797
2797
2797
2798
2798
2798
2799
2799
2799
2799
2799
2799
2799
2799
2799
2799
2799
2799
2799
2799
2800
2799
2799
2799
2799
2797
2795
2794
2790
2785
2781
2774
2765
2756
2747
2733
2721
2709
2691
2675
2660
2639
2618
2600
2578
2553
2531
2509
2483
2459
2439
2411
2388
2367
2343
2320
2299
2278
2255
2236
2218
2196
2178
2162
2143
2126
2111
2094
2078
2065
2051
2036
2023
2011
1999
1988
1978
1968
1959
1951
1945
1939
1934
1933
1932
1932
1934
1938
1942
1946
1955
1963
1969
1982
1993
2002
2014
2026
2037
2048
2060
2070
2079
2090
2098
2105
2112
2118
2122
2126
2128
2130
2131
2131
2131
2130
2127
2125
2122
2118
2114
2110
2106
2101
2098
2094
2091
2089
2086
2085
2085
2084
2085
2086
2086
2088
2090
2091
2094
2097
2100
2101
2103
2105
2106
2107
2108
2108
2109
2109
2109
2110
2110
2111
2111
2111
2112
2112
2114
2116
2117
2120
2122
2125
2128
2132
2135
2138
2143
2147
2150
2156
2161
2164
2170
2175
2180
2185
2189
2193
2196
2199
2202
2204
2206
2207
2207
2208
2208
2208
