[PREW 266 count_idx:1, count_value:63531]
2175
2180
2184
2187
2192
2196
2199
2203
2207
2210
2212
2214
2216
2217
2217
2217
2216
2213
2212
2209
2204
2200
2195
2190
2185
2180
2174
2170
2165
2161
2157
2152
2149
2146
2143
2141
2139
2137
2138
2137
2136
2137
2136
2136
2135
2134
2133
2132
2130
2128
2126
2124
2122
2119
2116
2112
2108
2103
2099
2094
2089
2083
2079
2075
2071
2067
2065
2062
2059
2057
2055
2053
2052
2051
2050
2051
2051
2051
2054
2056
2057
2059
2060
2061
2062
2062
2061
2060
2057
2055
2051
2046
2042
2035
2028
2022
2014
2005
1998
1989
1979
1970
1962
1952
1943
1935
1926
1918
1910
1902
1896
1890
1883
1877
1872
1868
1864
1860
1859
1857
1855
1857
1857
1857
1860
1863
1864
1869
1872
1874
1880
1885
1888
1894
1899
1903
1909
1915
1919
1925
1931
1936
1942
1947
1951
1956
1961
1964
1968
1972
1975
1978
1981
1983
1985
1987
1988
1989
1991
1992
1992
1994
1995
1996
1997
1998
1998
2001
2003
2004
2008
2010
2011
2015
2018
2021
2026
2030
2033
2039
2044
2049
2055
2060
2065
2070
2076
2080
2085
2091
2096
2101
2106
2110
2114
2118
2121
2123
2126
2128
2128
2130
2130
2131
2132
2133
2133
2135
2136
2137
2139
2141
2142
2146
2148
2150
2154
2158
2161
2165
2169
2173
2178
2182
2186
2191
2195
2198
2201
2203
2205
2206
2206
2206
2206
2206
2206
2208
2213
2218
2222
2233
2242
2250
2264
2274
2283
2298
2310
2321
2347
2370
2391
2434
2475
2513
2593
2673
2746
2883
3025
3147
3267
3372
3465
3546
2811
2811
2810
2810
2810
2809
2809
2809
2809
2809
2809
2809
2809
2810
2810
2810
2810
2811
2811
2811
2812
2812
2812
2812
2812
2812
2812
2812
2813
2813
2813
2814
2814
2815
2815
2815
2814
2814
2814
2814
2814
2813
2813
2813
2813
2812
2812
2812
2811
2810
2811
2811
2810
2811
2811
2810
2811
2811
2811
2811
2811
2811
2811
2810
2809
2809
2809
2808
2808
2808
2808
2808
2808
2808
2809
2809
2809
2810
2810
2810
2811
2811
2811
2811
2812
2813
2813
2814
2814
2815
2815
2816
2816
2817
2818
2818
2819
2819
2819
2820
2820
2820
2821
2821
2821
2821
2821
2821
2821
2821
2820
2820
2819
2819
2818
2818
2818
2818
2818
2817
2817
2818
2817
2818
2818
2818
2818
2818
2818
2818
2819
2819
2818
2819
2819
2819
2819
2819
2819
2819
2819
2819
2819
2820
2820
2820
2819
2819
2819
2819
2818
2818
2818
2818
2817
2817
2817
2817
2817
2817
2817
2817
2817
2817
2818
2818
2818
2819
2819
2820
2820
2820
2821
2821
2822
2822
2823
2823
2823
2824
2824
2825
2825
2826
2826
2826
2826
2826
2826
2826
2825
2825
2824
2824
2823
2823
2822
2822
2822
2821
2821
2821
2820
2820
2819
2818
2818
2817
2817
2817
2816
2816
2815
2816
2816
2816
2817
2817
2817
2818
2818
2818
2818
2818
2818
2819
2818
2818
2818
2818
2818
2818
2818
2819
2819
2819
2819
2819
2818
2818
2818
2818
2817
2817
2817
2817
2817
2816
2816
2816
2815
2815
2815
2815
2814
2813
2813
2812
2811
2811
2811
2810
2810
2810
2810
2810
2810
2810
2811
2811
2811
2811
2811
2811
2811
2811
2811
2812
2812
2812
2812
2812
2812
2812
2811
2811
2810
2810
2810
2809
2809
2809
2809
2809
2808
2809
2809
2809
2809
2809
2809
2808
2808
2808
2807
2807
2807
2806
2807
2807
2807
2807
2808
2808
2809
2810
2810
2811
2812
2812
2813
2813
2814
2814
2814
2814
2814
2813
2813
2814
2814
2814
2814
2814
2814
2815
2815
2815
2815
2815
2816
2816
2817
2817
2817
2818
2818
2818
2819
2820
2820
2821
2821
2821
2822
2822
2822
2823
2822
2822
2822
2822
2822
2822
2822
2822
2823
2822
2822
2823
2824
2825
2829
2833
2836
2843
2852
2860
2871
2885
2898
2913
2931
2948
2965
2985
3003
3020
3039
3055
3069
3084
3097
3107
3115
3121
3126
3123
3119
3116
3099
3084
3070
3043
3017
2994
2960
2926
2896
2856
2815
2778
2731
2681
2638
2588
2537
2493
2448
2403
2365
2330
2298
2269
2246
2226
2209
2195
2185
2175
2168
2165
2162
2159
2160
2160
2160
2163
2164
2165
2170
2172
2174
2180
2183
2186
2192
2196
2199
2204
2207
2210
2213
2214
2216
2216
2216
2216
2216
2215
2215
2213
2211
2209
2205
2198
2193
2186
2176
2167
2157
2146
2136
2126
2114
2104
2095
2086
2078
2070
2064
2058
2052
2049
2046
2043
2044
2045
2045
2051
2056
2060
2069
2076
2083
2094
2104
2112
2122
2132
2140
2148
2155
2161
2167
2172
2177
2181
2185
2188
2191
2193
2194
2194
2193
2192
2189
2186
2182
2178
2174
2171
2168
2167
2165
2163
2163
2163
2162
2165
2166
2167
2170
2173
[POSTW]
3617
3678
3731
3777
3817
3852
3883
3909
3932
3951
3969
3984
3997
4009
4019
4027
4035
4041
4047
4052
4056
4060
4063
4066
4069
4071
4073
4074
4076
4077
4078
4079
4080
4081
4082
4082
4082
4083
4083
4084
4084
4084
4085
4085
4085
4085
4085
4085
4085
4086
4086
4086
4086
4086
4086
4086
4086
4086
4087
4086
4086
4087
4087
4086
4087
4087
4087
4087
4087
4087
4087
4087
4087
4087
4087
4087
4087
4087
4087
4087
4087
4087
4087
4087
4087
4087
4087
4087
4087
4087
4086
4078
4065
4053
4029
3990
3956
3916
3860
3812
3761
3697
3641
3586
3520
3461
3406
3341
3283
3230
3169
3114
3064
3011
2961
2917
2871
2829
2791
2754
2719
2688
2656
2625
2598
2568
2538
2512
2481
2450
2421
2391
2359
2332
2305
2277
2253
2229
2203
2181
2159
2135
2113
2093
2071
2053
2037
2025
2015
2007
2008
2008
2009
2021
2030
2038
2056
2070
2082
2097
2110
2121
2131
2139
2145
2150
2153
2156
2157
2156
2155
2150
2142
2136
2124
2110
2097
2081
2062
2045
2026
2004
1984
1964
1937
1915
1894
1869
1847
1829
1811
1795
1782
1772
1763
1755
1751
1747
1742
1742
1740
1739
1746
1751
1755
1771
1786
1797
1819
1839
1856
1879
1902
1921
1947
1973
1995
2023
2054
2080
2110
2143
2170
2198
2227
2252
2276
2300
2321
2341
2363
2382
2401
2422
2441
2457
2475
2490
2503
2516
2527
2537
2547
2556
2564
2571
2578
2583
2588
2593
2596
2599
2601
2603
2604
2605
2606
2606
2605
2604
2602
2599
2595
2591
2586
2581
2577
2572
2567
2562
2557
2551
2545
2538
2532
2525
2517
2509
2502
2495
2488
2481
2475
2469
2463
2457
2450
2445
2437
2430
2424
2418
2413
2409
2406
2404
2401
2401
2399
2398
2398
2397
2396
2397
2399
2401
2405
2411
2416
2423
2430
2437
2442
2448
2453
2457
2462
2465
2468
2470
2472
2474
2473
2471
2469
2464
2459
2454
2447
2440
2434
2426
2419
2413
2405
2398
2391
2384
2376
2369
2361
2352
2345
2337
2328
2320
2312
2302
2294
2286
2275
2266
2257
2247
2237
2229
2221
2214
2208
2204
2200
2197
2198
2197
2197
2201
2204
2207
2216
2223
2229
2242
2253
2262
2276
2287
2297
2307
2316
2323
2331
2337
2342
2347
2352
2356
2359
2361
2363
2364
2364
2363
2363
2363
2362
2364
2366
2368
2371
2377
2382
2387
2394
2400
2405
2412
2418
2423
2430
2437
2442
2449
2455
2460
2465
2470
2473
2476
2478
2479
2480
2481
2481
2482
2482
2482
2482
2481
2481
2480
2479
2478
2477
2478
2478
2480
2482
2485
2487
2491
2495
2498
2504
2507
2512
2518
2523
2529
2537
2544
2550
2560
2568
2576
2587
2596
2605
2618
2629
2639
2655
2669
2681
2699
2715
2730
2749
2767
2784
2805
2826
2845
2868
2892
2913
2937
2962
2985
3009
3034
3056
3078
3101
3121
3141
3162
3180
3196
3214
3230
3243
3257
3269
3279
3289
3297
3304
3312
3318
3323
3328
3333
3337
3341
3346
3349
3352
3355
3358
3361
3363
3365
3367
3370
3372
3374
3377
3379
3381
3384
3386
3389
3392
3395
3400
3406
3412
3418
3427
3435
3443
3455
3464
3473
3485
3495
3504
3516
3526
3535
3547
3557
3566
3576
3584
3592
3597
3601
3605
3607
3607
3608
3607
3605
3604
3600
3595
3590
3584
3576
3570
3562
3551
3542
3533
3522
3513
3503
3492
3483
3473
3462
3451
3442
3431
3421
3412
3403
3394
3386
3378
3371
3364
3356
3349
3344
3337
3331
3325
3319
3314
3309
3303
3298
3294
3288
3282
3277
3270
3264
3258
3253
3247
3241
3236
3232
3227
3223
3220
3216
3213
3209
3205
3202
3198
3195
3192
3189
3185
3181
3176
3171
3165
3157
3149
3141
3130
3119
3110
3096
3083
3071
3055
3039
3026
3007
2989
2974
2955
2936
2919
2901
2882
2865
2847
2829
2812
2795
2778
2762
2746
2730
2716
2702
2688
2675
2664
2653
2643
2634
2627
2620
2613
2610
2606
2603
2603
2603
2603
2608
2612
2615
2623
2630
2636
2646
2655
2664
2675
2686
2697
2709
2721
2731
2744
2756
2766
2779
2791
2801
2813
2824
2833
2843
2854
2863
2872
2881
2888
2895
2903
2910
2916
2923
2929
2934
2939
2943
2947
2950
2953
2954
2956
2957
2958
2958
2958
2957
2956
2954
2953
2951
2948
2946
2942
2939
2936
2934
2931
2928
2927
2925
2923
2923
2924
2924
2926
2929
2931
2934
2939
2943
2947
2954
2959
2964
2971
2977
2983
2991
2998
3003
3011
3017
3023
3029
3034
3038
3042
3045
3048
3051
3054
3056
3058
3059
3061
3061
3061
3062
3061
3060
3059
3057
3055
3052
3050
3046
3043
3039
3034
3030
3025
3018
3012
3005
2998
2990
2983
2974
2966
2959
2950
2941
2933
2924
2916
2909
2901
2894
2887
2880
2873
2867
2860
2854
2849
2843
2837
2832
2827
2821
2817
2812
2807
2803
2799
2796
2792
2789
2787
2784
2782
2781
2779
2778
2777
2776
2775
2775
2775
2774
2774
2774
2773
2772
2771
2770
2769
2768
2766
2764
2762
2760
2757
2753
2750
2745
2740
2736
2730
2724
2718
2712
2705
2699
2692
2684
2677
2669
2661
2654
2647
2639
2633
2626
2620
2614
2608
2602
2597
2592
2588
2583
2580
2578
2576
2574
2574
2573
2573
2574
2575
2575
2577
2579
2581
2585
2588
2591
2596
2601
2605
2611
2617
2622
2629
2636
2642
2649
2657
2663
2671
2679
2687
2696
2705
2713
2721
2731
2739
2747
2756
2764
2771
2779
2786
2791
2798
2803
2807
2811
2814
2817
2818
2819
2820
2820
2819
2819
2817
2815
2813
2809
2805
2801
2796
2791
2786
2781
2775
2770
2764
2757
2752
2746
2740
2734
2728
2723
2717
2712
2707
2703
2699
2695
2692
2688
2686
2684
2682
2681
2680
2678
2679
2679
2679
2680
2681
2682
2683
2685
2686
2689
2691
2693
2696
2700
2702
2706
2710
2713
2717
2722
2726
2730
2735
2739
2744
2749
2753
2757
2763
2767
2771
2775
2779
2782
2786
2788
2790
2793
2795
2797
2799
2800
2801
2801
2802
2802
2802
2801
2801
2800
2799
2799
2798
2797
2795
2795
2793
2793
2792
2791
2790
2792
2792
2792
2794
2795
2797
2799
2802
2805
2808
2813
2817
2821
2828
2833
2839
2847
2854
2860
2869
2875
2882
2891
2898
2905
2913
2920
2926
2934
2941
2947
2953
2959
2963
2969
2974
2978
2982
2985
2989
2992
2995
2998
3001
3003
3005
3007
3009
3010
3011
3012
3012
3013
3013
3013
3013
3013
3012
3011
3010
3010
3009
3008
3008
3007
3006
3005
3004
3004
3003
3002
3001
3000
2999
2999
2998
2997
2997
2996
2996
2996
2996
2995
2996
2996
2997
2998
2999
3001
3003
3005
3008
3010
3013
3015
3018
3021
3024
3027
3031
3034
3037
3041
3044
3047
3050
3053
3055
3058
3059
3061
3063
3064
3065
3067
3067
3068
3068
3067
3067
3066
3065
3063
3062
3060
3058
3056
3053
3051
3048
3044
3041
3038
3034
3031
3027
3024
3020
3016
3012
3009
3005
3002
3000
2997
2995
2992
2989
2987
2985
2983
2981
2979
2976
2975
2973
2971
2970
2968
2967
2967
2965
2965
2965
2964
2964
2965
2965
2965
2967
2968
2968
2971
2973
2974
2977
2981
2983
2986
2990
2992
2996
2999
3001
3004
3006
3007
3009
3010
3010
3010
3009
3009
3007
3005
3003
3001
2998
2995
2991
2987
2983
2979
2973
2967
2962
2955
2949
2943
2936
2929
2922
2916
2908
2902
2896
2889
2883
2877
2870
2865
2859
2853
2848
2843
2838
2833
2828
2824
2819
2815
2811
2806
2802
2799
2795
2791
2788
2785
2782
2780
2777
2774
2772
2769
2767
2765
2763
2762
2760
2759
2757
2756
2755
2754
2754
2754
2753
2753
2753
2753
2754
2755
2755
2756
2757
2757
2758
2759
2760
2760
2761
2761
2761
2762
2762
2762
2763
2762
2762
2763
2762
2761
2761
2761
2760
2759
2758
2757
2756
2755
2754
2753
2752
2751
2750
2749
2747
2747
2746
2745
2745
2745
2745
2745
2745
2745
2745
2746
2745
2746
2746
2746
2747
2747
2748
2748
2749
2749
2750
2751
2751
2751
2752
2753
2753
2754
2754
2754
2755
2755
2756
2757
2757
2758
2759
2760
2761
2763
2764
2766
2768
2770
2772
2775
2778
2779
2782
2785
2787
2790
2792
2795
2797
2799
2801
2803
2805
2807
2808
2809
2810
2811
2812
2812
2812
2812
2812
2811
2811
2809
2808
2807
2805
2804
2803
2801
2799
2797
2795
2794
2792
2790
2788
2787
2785
2784
2782
2781
2780
2778
2777
2775
2774
2773
2772
2771
2771
2770
2769
2768
2767
2765
2764
2763
2762
2760
2759
2757
2756
2754
2753
2751
2749
2747
2746
2744
2742
2741
2738
2737
2735
2733
2731
2729
2726
2724
2722
2719
2717
2715
2712
2710
2708
2705
2702
2700
2697
2695
2693
2691
2688
2686
2684
2683
2681
2679
2677
2676
2674
2672
2670
2669
2667
2665
2663
2661
2659
2658
2656
2654
2652
2650
2648
2647
2645
2643
2641
2640
2638
2637
2635
2634
2633
2632
2631
2631
2631
2630
2631
2631
2631
2632
2632
2633
2633
2634
2634
2634
2635
2635
2635
2636
2636
2636
2637
2638
2638
2638
2638
2637
2637
2636
2636
2635
2634
2634
2633
2631
2630
2628
2627
2626
2625
2623
2622
2620
2619
2617
2616
2615
2614
2614
2615
2615
2617
2621
2624
2628
2634
2639
2645
2653
2660
2667
2677
2685
2693
2702
2710
2717
2726
2734
2741
2748
2754
2760
2765
2770
2774
2777
2780
2783
2785
2786
2787
2787
2787
2786
2785
2782
2780
2777
2774
2771
2768
2765
2762
2758
2755
2751
2748
2744
2740
2737
2733
2729
2726
2722
2718
2714
2710
2706
2702
2698
2694
2689
2684
2680
2676
2671
2667
2664
2659
2656
2652
2648
2644
2641
2637
2633
2630
2626
2623
2620
2617
2613
2610
2607
2603
2599
2595
2590
2585
2580
2573
2567
2561
2553
2545
2538
2529
2521
2513
2504
2495
2487
2480
2472
2466
2460
2455
2450
2446
2443
2439
2438
2437
2435
2436
2438
2439
2442
2445
2448
2453
2458
2463
2469
2476
2481
2488
2496
2503
2510
2519
2527
2534
2544
2552
2560
2571
2580
2589
2600
2610
2619
2631
2641
2650
2662
2672
2682
2693
2703
2712
2723
2732
2741
2750
2759
2766
2775
2782
2789
2796
2802
2808
2814
2819
2824
2828
2833
2836
2840
2843
2846
2849
2852
2855
2858
2861
2864
2866
2870
2873
2875
2878
2881
2883
2886
2888
2890
2893
2895
2898
2900
2902
2903
2906
2908
2909
2912
2914
2916
2919
2921
2924
2926
2929
2931
2934
2937
2939
2942
2945
2948
2951
2954
2957
2960
2964
2967
2969
2973
2976
2979
2982
2984
2986
2987
2989
2990
2990
2989
2989
2988
2987
2986
2984
2982
2980
2978
2975
2973
2971
2968
2965
2963
2960
2957
2955
2952
2950
2947
