2175
2180
2184
2187
2192
2196
2199
2203
2207
2210
2212
2214
2216
2217
2217
2217
2216
2213
2212
2209
2204
2200
2195
2190
2185
2180
2174
2170
2165
2161
2157
2152
2149
2146
2143
2141
2139
2137
2138
2137
2136
2137
2136
2136
2135
2134
2133
2132
2130
2128
2126
2124
2122
2119
2116
2112
2108
2103
2099
2094
2089
2083
2079
2075
2071
2067
2065
2062
2059
2057
2055
2053
2052
2051
2050
2051
2051
2051
2054
2056
2057
2059
2060
2061
2062
2062
2061
2060
2057
2055
2051
2046
2042
2035
2028
2022
2014
2005
1998
1989
1979
1970
1962
1952
1943
1935
1926
1918
1910
1902
1896
1890
1883
1877
1872
1868
1864
1860
1859
1857
1855
1857
1857
1857
1860
1863
1864
1869
1872
1874
1880
1885
1888
1894
1899
1903
1909
1915
1919
1925
1931
1936
1942
1947
1951
1956
1961
1964
1968
1972
1975
1978
1981
1983
1985
1987
1988
1989
1991
1992
1992
1994
1995
1996
1997
1998
1998
2001
2003
2004
2008
2010
2011
2015
2018
2021
2026
2030
2033
2039
2044
2049
2055
2060
2065
2070
2076
2080
2085
2091
2096
2101
2106
2110
2114
2118
2121
2123
2126
2128
2128
2130
2130
2131
2132
2133
2133
2135
2136
2137
2139
2141
2142
2146
2148
2150
2154
2158
2161
2165
2169
2173
2178
2182
2186
2191
2195
2198
2201
2203
2205
2206
2206
2206
2206
2206
2206
2208
2213
2218
2222
2233
2242
2250
2264
2274
2283
2298
2310
2321
2347
2370
2391
2434
2475
2513
2593
2673
2746
2883
3025
3147
3267
3372
3465
3546
2811
2811
2810
2810
2810
2809
2809
2809
2809
2809
2809
2809
2809
2810
2810
2810
2810
2811
2811
2811
2812
2812
2812
2812
2812
2812
2812
2812
2813
2813
2813
2814
2814
2815
2815
2815
2814
2814
2814
2814
2814
2813
2813
2813
2813
2812
2812
2812
2811
2810
2811
2811
2810
2811
2811
2810
2811
2811
2811
2811
2811
2811
2811
2810
2809
2809
2809
2808
2808
2808
2808
2808
2808
2808
2809
2809
2809
2810
2810
2810
2811
2811
2811
2811
2812
2813
2813
2814
2814
2815
2815
2816
2816
2817
2818
2818
2819
2819
2819
2820
2820
2820
2821
2821
2821
2821
2821
2821
2821
2821
2820
2820
2819
2819
2818
2818
2818
2818
2818
2817
2817
2818
2817
2818
2818
2818
2818
2818
2818
2818
2819
2819
2818
2819
2819
2819
2819
2819
2819
2819
2819
2819
2819
2820
2820
2820
2819
2819
2819
2819
2818
2818
2818
2818
2817
2817
2817
2817
2817
2817
2817
2817
2817
2817
2818
2818
2818
2819
2819
2820
2820
2820
2821
2821
2822
2822
2823
2823
2823
2824
2824
2825
2825
2826
2826
2826
2826
2826
2826
2826
2825
2825
2824
2824
2823
2823
2822
2822
2822
2821
2821
2821
2820
2820
2819
2818
2818
2817
2817
2817
2816
2816
2815
2816
2816
2816
2817
2817
2817
2818
2818
2818
2818
2818
2818
2819
2818
2818
2818
2818
2818
2818
2818
2819
2819
2819
2819
2819
2818
2818
2818
2818
2817
2817
2817
2817
2817
2816
2816
2816
2815
2815
2815
2815
2814
2813
2813
2812
2811
2811
2811
2810
2810
2810
2810
2810
2810
2810
2811
2811
2811
2811
2811
2811
2811
2811
2811
2812
2812
2812
2812
2812
2812
2812
2811
2811
2810
2810
2810
2809
2809
2809
2809
2809
2808
2809
2809
2809
2809
2809
2809
2808
2808
2808
2807
2807
2807
2806
2807
2807
2807
2807
2808
2808
2809
2810
2810
2811
2812
2812
2813
2813
2814
2814
2814
2814
2814
2813
2813
2814
2814
2814
2814
2814
2814
2815
2815
2815
2815
2815
2816
2816
2817
2817
2817
2818
2818
2818
2819
2820
2820
2821
2821
2821
2822
2822
2822
2823
2822
2822
2822
2822
2822
2822
2822
2822
2823
2822
2822
2823
2824
2825
2829
2833
2836
2843
2852
2860
2871
2885
2898
2913
2931
2948
2965
2985
3003
3020
3039
3055
3069
3084
3097
3107
3115
3121
3126
3123
3119
3116
3099
3084
3070
3043
3017
2994
2960
2926
2896
2856
2815
2778
2731
2681
2638
2588
2537
2493
2448
2403
2365
2330
2298
2269
2246
2226
2209
2195
2185
2175
2168
2165
2162
2159
2160
2160
2160
2163
2164
2165
2170
2172
2174
2180
2183
2186
2192
2196
2199
2204
2207
2210
2213
2214
2216
2216
2216
2216
2216
2215
2215
2213
2211
2209
2205
2198
2193
2186
2176
2167
2157
2146
2136
2126
2114
2104
2095
2086
2078
2070
2064
2058
2052
2049
2046
2043
2044
2045
2045
2051
2056
2060
2069
2076
2083
2094
2104
2112
2122
2132
2140
2148
2155
2161
2167
2172
2177
2181
2185
2188
2191
2193
2194
2194
2193
2192
2189
2186
2182
2178
2174
2171
2168
2167
2165
2163
2163
2163
2162
2165
2166
2167
2170
2173
