2312
2285
2260
2239
2212
2183
2158
2132
2101
2074
2051
2025
2004
1985
1974
1964
1955
1954
1957
1959
1964
1976
1986
1994
2007
2018
2026
2036
2045
2052
2059
2066
2072
2078
2085
2090
2095
2096
2097
2098
2093
2088
2083
2074
2062
2052
2041
2026
2012
2001
1988
1976
1966
1958
1951
1946
1943
1943
1943
1944
1952
1958
1962
1975
1985
1994
2005
2017
2027
2036
2046
2055
2061
2069
2075
2080
2085
2089
2092
2093
2091
2091
2088
2082
2077
2073
2064
2056
2049
2039
2030
2022
2016
2010
2004
2001
2001
2001
2002
2008
2013
2017
2025
2032
2038
2046
2054
2061
2069
2080
2089
2097
2110
2121
2130
2139
2148
2155
2160
2164
2167
2169
2170
2170
2171
2171
2171
2171
2171
2172
2173
2173
2172
2172
2171
2171
2170
2169
2172
2174
2176
2182
2188
2194
2200
2207
2213
2218
2222
2226
2228
2230
2231
2232
2231
2230
2229
2227
2223
2220
2216
2208
2201
2195
2185
2175
2167
2159
2150
2143
2137
2132
2128
2123
2120
2118
2115
2114
2113
2112
2113
2114
2115
2116
2118
2120
2121
2122
2123
2124
2124
2124
2124
2122
2120
2118
2115
2110
2105
2101
2095
2089
2085
2078
2071
2065
2059
2052
2046
2041
2037
2034
2031
2030
2030
2029
2031
2033
2036
2039
2043
2048
2051
2057
2061
2064
2070
2074
2078
2082
2086
2089
2092
2094
2096
2097
2095
2094
2093
2089
2085
2081
2076
2070
2066
2060
2054
2049
2044
2039
2034
2030
2026
2021
2018
2015
2012
2009
2008
2007
2006
2006
2006
2006
2005
2005
2004
2002
2001
1999
1997
1994
1991
1989
1986
1982
1978
1975
1970
1965
1961
1956
1950
1945
1941
1936
1933
1929
1928
1926
1925
1926
1927
1928
1929
1932
1934
1937
1941
1944
1947
1953
1957
1961
1965
1969
1973
1976
1979
1981
1983
1984
1984
1984
1982
1981
1979
1977
1975
1973
1970
1967
1965
1962
1958
1955
1952
1949
1945
1943
1940
1938
1936
1935
1934
1934
1933
1933
1933
1932
1932
1931
1931
1930
1929
1927
1926
1925
1925
1924
1926
1928
1929
1932
1934
1936
1941
1947
1953
1965
2000
2029
2053
2117
2174
2225
2289
2356
2416
2490
2582
2661
2745
2865
2969
3062
3189
3305
3402
3490
3567
2804
2804
2804
2804
2804
2804
2803
2803
2803
2803
2802
2802
2802
2802
2802
2802
2802
2802
2802
2802
2802
2802
2802
2802
2802
2802
2802
2802
2802
2803
2803
2803
2804
2804
2805
2805
2805
2806
2806
2806
2806
2806
2806
2806
2806
2806
2806
2807
2806
2807
2807
2807
2807
2807
2807
2808
2808
2808
2808
2808
2808
2808
2808
2808
2808
2809
2809
2809
2809
2809
2809
2808
2808
2807
2807
2807
2806
2806
2806
2805
2805
2805
2805
2805
2805
2805
2804
2804
2803
2803
2803
2802
2802
2802
2802
2802
2802
2801
2801
2802
2802
2802
2802
2802
2802
2802
2801
2801
2800
2800
2800
2800
2800
2801
2801
2802
2802
2803
2804
2804
2805
2805
2806
2806
2807
2807
2807
2807
2807
2806
2806
2806
2805
2805
2805
2805
2805
2805
2805
2804
2805
2804
2805
2805
2805
2805
2806
2806
2806
2807
2807
2808
2808
2809
2809
2809
2808
2808
2808
2808
2808
2808
2808
2807
2807
2806
2806
2806
2805
2805
2805
2805
2804
2804
2804
2804
2804
2804
2804
2804
2804
2804
2804
2803
2803
2803
2803
2802
2802
2802
2802
2802
2802
2803
2803
2803
2803
2804
2804
2804
2804
2803
2804
2804
2803
2804
2804
2804
2804
2804
2803
2803
2803
2803
2803
2804
2804
2804
2805
2805
2805
2805
2805
2805
2805
2805
2805
2805
2805
2805
2805
2804
2804
2804
2804
2804
2803
2803
2804
2804
2804
2805
2805
2805
2805
2806
2806
2806
2806
2806
2805
2805
2805
2804
2804
2804
2803
2803
2803
2803
2802
2802
2802
2801
2801
2801
2800
2800
2799
2799
2798
2798
2798
2797
2797
2797
2796
2796
2796
2795
2795
2794
2794
2794
2794
2793
2793
2793
2792
2792
2792
2793
2792
2793
2793
2793
2793
2793
2793
2792
2792
2792
2792
2792
2792
2791
2792
2792
2792
2793
2793
2793
2793
2794
2794
2795
2795
2795
2795
2796
2797
2797
2798
2798
2799
2799
2799
2799
2799
2799
2799
2800
2800
2800
2800
2801
2801
2802
2801
2802
2802
2802
2802
2801
2801
2801
2800
2800
2802
2804
2806
2810
2818
2825
2832
2848
2862
2874
2897
2919
2938
2965
2993
3018
3045
3079
3107
3133
3165
3193
3218
3242
3264
3283
3297
3308
3318
3323
3321
3319
3317
3300
3284
3271
3246
3219
3196
3166
3131
3099
3068
3030
2996
2966
2930
2898
2869
2840
2812
2787
2763
2739
2718
2697
2673
2652
2633
2607
2585
2563
2539
2512
2489
2464
2435
2410
2386
2358
2333
