[PREW 776 count_idx:5, count_value:2701]
2801
2802
2802
2801
2802
2802
2801
2802
2802
2802
2803
2803
2803
2804
2804
2804
2805
2805
2805
2806
2806
2807
2807
2807
2807
2808
2808
2808
2809
2809
2810
2810
2810
2810
2810
2810
2810
2809
2810
2809
2809
2810
2810
2810
2810
2810
2810
2810
2810
2810
2810
2810
2809
2809
2809
2809
2809
2809
2808
2808
2808
2808
2808
2808
2808
2807
2808
2807
2807
2807
2807
2806
2806
2805
2805
2804
2804
2803
2803
2802
2802
2803
2803
2803
2803
2804
2804
2804
2805
2805
2805
2805
2805
2805
2805
2805
2804
2805
2805
2805
2805
2805
2805
2805
2805
2805
2805
2805
2805
2805
2805
2805
2805
2805
2806
2806
2806
2806
2806
2807
2807
2807
2807
2807
2807
2807
2807
2807
2807
2807
2806
2806
2806
2806
2806
2806
2805
2806
2806
2806
2806
2806
2806
2806
2806
2806
2806
2806
2805
2805
2805
2805
2805
2805
2805
2804
2805
2804
2804
2804
2804
2803
2803
2803
2802
2802
2801
2800
2799
2799
2798
2798
2797
2797
2797
2796
2796
2796
2795
2795
2794
2794
2793
2793
2793
2793
2793
2793
2793
2793
2794
2794
2794
2795
2796
2796
2797
2797
2798
2799
2799
2799
2800
2800
2801
2801
2801
2802
2802
2802
2802
2801
2801
2801
2801
2801
2801
2801
2801
2800
2800
2801
2801
2801
2802
2802
2802
2804
2804
2804
2805
2805
2804
2805
2805
2805
2805
2805
2805
2805
2806
2806
2806
2806
2806
2807
2807
2807
2807
2808
2807
2807
2807
2806
2806
2806
2806
2805
2805
2805
2804
2804
2804
2804
2804
2803
2803
2803
2803
2803
2803
2803
2803
2803
2803
2803
2804
2804
2804
2804
2804
2804
2804
2804
2804
2804
2804
2804
2804
2804
2804
2803
2803
2803
2802
2802
2802
2801
2802
2801
2801
2802
2802
2802
2802
2802
2802
2802
2802
2802
2802
2802
2801
2801
2801
2801
2801
2800
2800
2800
2799
2799
2798
2798
2798
2797
2798
2798
2797
2798
2798
2798
2799
2799
2799
2800
2800
2801
2802
2802
2803
2804
2805
2805
2806
2806
2806
2806
2806
2806
2806
2806
2806
2806
2806
2807
2806
2806
2806
2806
2806
2805
2805
2805
2805
2805
2805
2805
2805
2805
2805
2805
2805
2805
2804
2805
2804
2804
2804
2804
2804
2804
2804
2804
2805
2805
2806
2806
2807
2807
2807
2808
2808
2808
2809
2809
2809
2809
2809
2809
2810
2810
2810
2810
2810
2811
2811
2811
2811
2811
2811
2811
2811
2811
2811
2811
2811
2811
2812
2812
2812
2812
2813
2813
2812
2813
2813
2813
2813
2813
2813
2813
2812
2812
2812
2811
2811
2811
2810
2810
2810
2810
2810
2810
2810
2810
2810
2810
2810
2809
2810
2809
2809
2810
2811
2811
2812
2813
2813
2814
2814
2815
2815
2815
2816
2816
2817
2817
2817
2817
2816
2816
2815
2815
2815
2815
2814
2814
2815
2815
2815
2815
2815
2814
2815
2815
2815
2815
2815
2814
2815
2814
2814
2814
2814
2814
2814
2814
2814
2815
2815
2815
2815
2814
2814
2814
2813
2813
2813
2812
2812
2811
2811
2810
2809
2809
2809
2809
2809
2809
2808
2809
2809
2809
2809
2809
2809
2809
2808
2808
2808
2807
2807
2807
2808
2808
2808
2808
2809
2809
2809
2809
2810
2810
2810
2810
2810
2810
2810
2810
2809
2808
2808
2807
2806
2806
2805
2805
2805
2805
2805
2806
2805
2805
2806
2805
2805
2805
2805
2805
2805
2805
2805
2805
2805
2805
2805
2805
2805
2804
2805
2804
2804
2804
2804
2804
2805
2805
2804
2805
2805
2805
2805
2805
2805
2805
2804
2804
2805
2805
2804
2804
2804
2804
2804
2803
2803
2803
2803
2802
2802
2802
2802
2801
2802
2802
2802
2802
2803
2803
2803
2803
2803
2804
2804
2805
2805
2806
2806
2807
2807
2807
2808
2808
2809
2809
2810
2810
2811
2812
2813
2813
2813
2813
2813
2814
2814
2813
2813
2813
2812
2812
2812
2811
2811
2810
2810
2809
2809
2809
2808
2808
2808
2808
2808
2808
2808
2807
2807
2807
2807
2807
2807
2807
2806
2806
2806
2806
2805
2805
2805
2804
2805
2805
2804
2805
2805
2804
2805
2805
2805
2806
2806
2806
2806
2806
2806
2806
2806
2806
2806
2805
2805
2805
2805
2804
2804
2804
2804
2804
2804
2804
2804
2804
2804
2804
2804
2803
2802
2802
2802
2802
2802
2802
2802
2802
2802
2802
2803
2803
2803
2803
2803
2803
2803
2803
2803
2802
2801
2800
2798
2796
2794
2791
2788
2785
2781
2778
2774
2770
2768
2765
2763
2765
2767
2769
2782
2794
2806
2831
2857
2880
2918
2960
2996
3043
3095
3140
3190
3245
3292
3340
3393
3438
3482
3533
2798
2798
2798
2799
2800
2800
2801
2801
2801
2801
2801
2800
2801
2801
2800
2800
2801
2801
2801
2801
2801
2800
2801
2801
[POSTW]
3575
3616
3663
3703
3739
3778
3810
3838
3864
3885
3905
3920
3932
3944
3951
3958
3963
3967
3969
3971
3970
3968
3966
3961
3954
3948
3939
3927
3916
3905
3889
3875
3861
3844
3828
3813
3793
3775
3759
3735
3714
3695
3668
3642
3621
3592
3563
3539
3510
3481
3457
3428
3400
3375
3346
3314
3286
3254
3219
3187
3154
3119
3086
3055
3021
2991
2963
2933
2906
2881
2856
2832
2811
2791
2772
2755
2739
2724
2710
2695
2679
2666
2648
2629
2612
2590
2566
2544
2518
2487
2460
2429
2390
2356
2320
2274
2234
2196
2146
2104
2067
2019
1979
1945
1903
1868
1838
1810
1785
1764
1753
1744
1736
1741
1749
1756
1771
1790
1805
1824
1846
1864
1884
1905
1923
1940
1959
1974
1988
2003
2015
2025
2035
2044
2051
2059
2066
2071
2075
2078
2081
2080
2078
2076
2072
2066
2061
2056
2051
2046
2042
2038
2035
2032
2028
2025
2022
2018
2015
2012
2010
2008
2007
2008
2007
2007
2009
2010
2011
2014
2016
2017
2020
2021
2022
2025
2026
2027
2030
2031
2033
2036
2040
2043
2049
2056
2062
2068
2074
2079
2084
2089
2093
2097
2103
2107
2110
2115
2118
2120
2121
2120
2120
2116
2113
2109
2106
2102
2098
2096
2093
2090
2088
2085
2082
2079
2074
2070
2066
2061
2057
2054
2052
2050
2049
2050
2051
2051
2054
2056
2058
2062
2065
2067
2072
2075
2077
2080
2081
2083
2084
2085
2085
2086
2086
2086
2087
2088
2089
2091
2093
2093
2095
2096
2097
2097
2098
2098
2097
2096
2094
2092
2088
2084
2080
2075
2070
2066
2062
2057
2053
2050
2046
2043
2041
2039
2037
2037
2037
2037
2039
2041
2042
2044
2048
2050
2053
2056
2058
2060
2063
2064
2065
2068
2069
2070
2073
2075
2076
2079
2080
2081
2083
2083
2084
2084
2084
2083
2082
2081
2080
2078
2077
2075
2074
2072
2070
2069
2068
2066
2065
2065
2064
2063
2063
2062
2061
2060
2059
2058
2057
2055
2053
2051
2049
2046
2044
2041
2038
2036
2033
2030
2029
2028
2027
2027
2028
2028
2029
2030
2031
2031
2034
2035
2036
2040
2042
2044
2049
2051
2053
2058
2061
2063
2067
2070
2072
2074
2075
2077
2077
2077
2076
2075
2073
2071
2068
2065
2062
2059
2055
2052
2049
2047
2045
2043
2042
2040
2038
2037
2036
2034
2035
2034
2034
2035
2035
2035
2035
2035
2034
2034
2033
2032
2031
2030
2029
2028
2028
2027
2027
2027
2026
2026
2027
2027
2027
2030
2031
2031
2035
2037
2039
2042
2045
2046
2050
2052
2054
2057
2060
2062
2064
2066
2067
2068
2067
2067
2068
2069
2070
2070
2070
2069
2069
2070
2071
2077
2095
2111
2130
2175
2213
2249
2309
2362
2410
2504
2589
2666
2798
2921
3030
3158
3278
3381
3472
3552
3621
3682
3734
3780
3820
3855
3885
3911
3933
3953
3970
3985
3998
4009
4019
4027
4035
4041
4047
4052
4056
4060
4063
4066
4068
4070
4072
4074
4075
4079
4078
4081
4079
4082
4080
4081
4082
4082
4084
4083
4084
4083
4084
4084
4085
4085
4085
4085
4085
4085
4085
4086
4086
4086
4086
4086
4086
4086
4086
4086
4086
4086
4086
4086
4086
4087
4086
4086
4087
4087
4087
4087
4087
4087
4087
4087
4086
4087
4087
4087
4087
4087
4087
4087
4087
4087
4087
4087
4087
4087
4087
4087
4086
4085
4066
4040
4019
3977
3924
3879
3825
3763
3709
3655
3597
3545
3497
3446
3402
3362
3321
3285
3252
3220
3190
3165
3142
3122
3105
3094
3084
3075
3070
3067
3064
3061
3059
3056
3055
3054
3053
3052
3052
3052
3050
3045
3042
3035
3025
3015
3005
2991
2979
2967
2953
2940
2928
2912
2897
2883
2861
2840
2822
2794
2766
2741
2704
2667
2634
2591
2547
2509
2464
2416
2375
2331
2284
2244
2206
2165
2131
2102
2077
2055
2037
2027
2018
2010
2010
2009
2007
2018
2026
2033
2056
2076
2093
2121
2147
2170
2197
2222
2243
2265
2285
2302
2320
2336
2350
2363
2374
2383
2390
2393
2396
2397
2391
2386
2380
2367
2355
2344
2326
2309
2295
2275
2257
2241
2222
2204
2189
2173
2157
2144
2131
2118
2107
2097
2088
2079
2073
2068
2063
2060
2059
2058
2058
2059
2058
2058
2059
2059
2058
2061
2062
2063
2069
2074
2077
2084
2088
2092
2095
2097
2098
2099
2100
2100
2101
2101
2101
2101
2101
2100
2097
2092
2086
2080
2071
2063
2055
2045
2037
2029
2022
2014
2008
2002
1996
1991
1987
1982
1978
1977
1976
1975
1976
1977
1978
1980
1982
1984
1987
1991
1994
1998
2002
2006
2009
2012
2014
2015
2014
2013
2013
2013
2012
2011
2011
2011
2010
2008
2006
2003
2000
1995
1992
1988
1983
1979
1977
1975
1973
1970
1968
1966
1962
1957
1952
1947
1941
1935
1930
1926
1922
1918
1918
1917
1915
1913
1910
1907
1904
1901
1897
1897
1895
1894
1896
1898
1900
1903
1905
1908
1911
1915
1917
1923
1929
1935
1941
1950
1957
1965
1975
1984
1991
2001
2010
2017
2027
2035
2041
2050
2057
2062
2069
2074
2078
2083
2086
2088
2091
2093
2094
2095
2096
2096
2095
2093
2090
2088
2084
2081
2078
2075
2072
2070
2067
2064
2061
2058
2054
2050
2046
2043
2039
2037
2035
2033
2034
2034
2034
2036
2038
2039
2041
2044
2046
2050
2054
2057
2061
2067
2071
2075
2082
2086
2090
2096
2100
2103
2109
2114
2117
2123
2127
2131
2136
2139
2142
2146
2149
2152
2156
2159
2161
2164
2167
2169
2172
2174
2175
2177
2179
2180
2180
2180
2179
2178
2176
2174
2171
2168
2165
2162
2158
2154
2151
2148
2144
2141
2138
2135
2132
2130
2128
2126
2125
2124
2123
2123
2124
2125
2126
2128
2130
2131
2134
2135
2137
2139
2141
2143
2147
2149
2151
2155
2157
2159
2160
2161
2161
2161
2160
2159
2158
2156
2155
2155
2154
2153
2151
2148
2146
2144
2142
2140
2138
2136
2134
2133
2132
2131
2131
2130
2130
2129
2127
2125
2123
2121
2119
2117
2114
2112
2109
2107
2104
2101
2099
2096
2094
2092
2090
2088
2087
2085
2083
2083
2082
2081
2080
2080
2080
2080
2081
2082
2081
2082
2082
2082
2083
2083
2082
2083
2082
2082
2082
2081
2080
2080
2079
2079
2078
2076
2075
2073
2070
2067
2065
2063
2061
2059
2058
2056
2055
2054
2053
2052
2051
2050
2049
2050
2050
2050
2052
2053
2053
2055
2056
2057
2059
2061
2062
2065
2066
2068
2069
2070
2070
2071
2071
2071
2071
2071
2070
2070
2069
2069
2068
2067
2065
2064
2063
2062
2061
2061
2060
2060
2061
2061
2061
2061
2062
2062
2062
2063
2062
2063
2063
2064
2064
2065
2066
2067
2069
2070
2071
2073
2074
2075
2077
2079
2081
2084
2085
2087
2090
2091
2092
2094
2095
2096
2097
2098
2098
2098
2098
2098
2098
2097
2097
2096
2095
2094
2093
2092
2091
2089
2088
2087
2087
2086
2086
2085
2086
2086
2085
2086
2085
2085
2085
2085
2084
2085
2085
2085
2086
2086
2086
2088
2088
2088
2088
2087
2087
2086
2085
2085
2085
2085
2085
2086
2088
2090
2092
2098
2103
2107
2117
2125
2132
2148
2161
2172
2194
2214
2231
2259
2286
2309
2342
2375
2404
2442
2484
2521
2570
2627
2677
2739
2814
2879
2951
3041
3119
3197
3298
3384
3461
3542
3611
3672
3726
3772
3813
3849
3879
3906
3929
3949
3967
3983
3996
4008
4018
4027
4034
4041
4047
4052
4056
4060
4063
4066
4069
4071
4073
4074
4076
4077
4079
4079
4080
4081
4083
4082
4082
4083
4083
4084
4084
4084
4085
4085
4085
4085
4085
4085
4085
4086
4086
4086
4086
4086
4086
4086
4086
4086
4086
4086
4086
4087
4087
4087
4087
4087
4087
4087
4087
4087
4087
4087
4087
4087
4087
4087
4087
4087
4087
4087
4087
4087
4087
4087
4086
4085
4083
4082
4075
4060
4047
4032
4006
3983
3961
3929
3902
3878
3848
3821
3799
3771
3747
3726
3700
3676
3656
3631
3607
3588
3565
3543
3523
3503
3482
3464
3443
3420
3400
3379
3355
3334
3312
3287
3264
3243
3216
3191
3169
3140
3114
3091
3062
3037
3013
2986
2960
2936
2909
2883
2859
2832
2805
2780
2753
2725
2699
2673
2645
2620
2595
2570
2547
2526
2506
2487
2471
2457
2445
2434
2426
2418
2411
2408
2404
2400
2399
2397
2396
2397
2397
2397
2399
2401
2402
2404
2405
2406
2405
2404
2402
2400
2395
2391
2386
2380
2375
2369
2361
2354
2347
2338
2329
2321
2312
2303
2295
2285
2276
2268
2259
2249
2242
2234
2226
2219
2214
2208
2203
2199
2195
2192
2189
2187
2185
2184
2184
2184
2185
2187
2188
2190
2194
2197
2200
2203
2206
2208
2210
2211
2212
2213
2213
2213
2213
2212
2212
2210
2207
2204
2200
2194
2189
2184
2179
2174
2170
2167
2165
2163
2162
2161
2160
2159
2157
2155
2154
2152
2150
2150
2150
2149
2152
2152
2153
2155
2156
2157
2157
2156
2155
2154
2152
2151
2151
2152
2153
2154
2156
2157
2159
2162
2163
2165
2167
2168
2169
2171
2172
2172
2174
2175
2176
2179
2181
2183
2188
2192
2195
2200
2203
2207
2212
2216
2219
2223
2227
2231
2236
2241
2246
2251
2259
2265
2271
2279
2285
2292
2300
2306
2312
2321
2327
2333
2343
2351
2358
2368
2376
2384
2395
2404
2413
2425
2437
2447
2460
2474
2486
2500
2516
2530
2545
2562
2578
2594
2612
2629
2646
2667
2685
2703
2726
2746
2765
2790
2812
2832
2856
2877
2897
2921
2942
2962
2985
3007
3027
3049
3070
3090
3111
3132
3150
3169
3189
3207
3224
3244
3261
3277
3296
3313
3327
3345
3360
3373
3389
3403
3415
3429
3440
3451
3463
3474
3484
3495
3504
3513
3523
3532
3540
3548
3556
3563
3570
3578
3583
3589
3595
3600
3605
3609
3613
3617
3621
3623
3626
3629
3631
3633
3634
3635
3636
3635
3634
3633
3631
3628
3627
3624
3621
3617
3614
3609
3604
3599
3593
3588
3582
3575
3569
3563
3555
3547
3540
3531
3522
3515
3505
3496
3488
3478
3469
3461
3450
3440
3431
3421
3410
3401
3390
3378
3368
3357
3346
3336
3325
3314
3304
3294
3283
3272
3262
3249
3238
3227
3214
3202
3191
3178
3167
3156
3145
3133
3124
3111
3100
3090
3078
3066
3056
3045
3034
3025
3014
3003
2994
2984
2973
2963
2953
2943
2933
2924
2914
2905
2897
2888
2880
2873
2865
2857
2850
2843
2836
2829
2823
2816
2811
2804
2798
2792
2786
2779
2773
2766
2760
2754
2750
2746
2743
2741
2743
2743
2747
2754
2760
2768
2782
2794
2807
2828
2845
2861
2887
2909
2929
2957
2982
3004
3031
3055
3077
3100
3120
3139
3155
3168
3180
3188
3193
3198
3200
3200
3199
3197
3193
3189
3184
3178
3173
3167
3162
3156
3151
3144
3138
3133
3126
3119
