2787
2787
2787
2787
2786
2786
2786
2785
2786
2785
2784
2784
2784
2784
2784
2785
2784
2785
2785
2785
2785
2785
2785
2784
2783
2784
2783
2783
2783
2783
2782
2782
2783
2783
2783
2784
2784
2784
2785
2786
2786
2786
2787
2788
2788
2789
2789
2790
2790
2790
2790
2790
2790
2790
2790
2790
2789
2789
2789
2789
2788
2788
2788
2787
2787
2787
2787
2787
2787
2787
2788
2787
2788
2788
2788
2789
2789
2789
2789
2790
2789
2789
2790
2790
2790
2791
2791
2791
2791
2792
2792
2792
2792
2792
2792
2791
2791
2791
2791
2791
2791
2791
2791
2791
2791
2791
2791
2791
2791
2792
2791
2791
2791
2791
2790
2790
2790
2790
2789
2789
2788
2788
2788
2788
2787
2787
2787
2787
2787
2787
2787
2787
2787
2787
2788
2788
2789
2789
2790
2790
2790
2791
2791
2791
2791
2791
2792
2791
2791
2792
2792
2792
2791
2791
2791
2790
2790
2790
2790
2789
2789
2789
2788
2788
2788
2787
2788
2788
2787
2787
2787
2787
2787
2787
2787
2787
2787
2787
2787
2787
2787
2787
2787
2787
2787
2786
2787
2787
2786
2786
2787
2787
2787
2787
2787
2788
2787
2788
2787
2789
2790
2787
2788
2788
2787
2787
2789
2791
2794
2795
2805
2811
2818
2830
2843
2856
2871
2894
2914
2931
2960
2985
3005
3029
3052
3075
3091
3108
3124
3137
3139
3140
3140
3130
3113
3098
3080
3050
3023
3000
2963
2926
2894
2853
2804
2760
2716
2655
2601
2554
2502
2453
2411
2373
2340
2310
2285
2268
2254
2239
2233
2227
2222
2218
2217
2213
2211
2203
2195
2188
2173
2156
2140
2123
2101
2081
2064
2045
2028
2013
2001
1991
1984
1976
1972
1969
1966
1969
1972
1974
1980
1989
1995
2001
2013
2022
2029
2041
2052
2060
2070
2084
2095
2104
2112
2118
2124
2121
2116
2110
2104
2091
2079
2069
2058
2047
2038
2030
2021
2013
2006
1998
1990
1982
1976
1969
1963
1958
1954
1950
1947
1946
1944
1942
1943
1942
1942
1942
1942
1942
1941
1945
1947
1949
1956
1963
1968
1974
1984
1991
1996
2006
2014
2021
2030
2040
2047
2054
2061
2066
2070
2075
2080
2082
2085
2090
2094
2097
2103
2107
2111
2114
2115
2116
2117
2116
2116
2115
2118
2121
2122
2128
2135
2140
2146
2152
2156
2159
2162
2162
2163
2164
2165
2166
2167
2168
2169
2170
2169
2166
2164
2160
2154
2148
2143
2138
2133
2129
2128
2126
2125
2125
2127
2128
2128
2133
2137
2139
2146
2152
2157
2163
2171
2178
2183
2189
2193
2197
2199
2200
2201
2200
2199
2197
2195
2193
2189
2187
2185
2182
2180
2177
2177
2176
2175
2177
2178
2179
2181
2185
2187
2189
2196
2201
2205
2212
2218
2223
2227
2233
2237
2240
2242
2243
2244
2242
2238
2235
2231
2226
2221
2216
2211
2206
2201
2197
2192
2188
2184
2183
2181
2178
2182
2185
2188
2195
2207
2217
2225
2245
2261
2274
2296
2319
2339
2362
2394
2421
2446
2489
2527
2562
2613
2668
2717
2770
2841
2901
2956
3031
3099
3158
3230
3307
3374
3437
3520
2785
2785
2784
2784
2783
2783
2783
2783
2782
2783
2784
2784
2784
2785
2785
2785
2786
2786
2786
2787
2786
2787
2787
2787
2787
2787
2787
2787
2786
2787
2786
2786
2786
2786
2786
2786
2786
2786
2785
2786
2786
2786
2786
2785
2785
2785
2785
2785
2785
2785
2785
2785
2786
2786
2786
2786
2786
2786
2786
2786
2786
2786
2786
2786
2786
2785
2786
2785
2785
2785
2785
2785
2785
2785
2785
2785
2785
2785
2785
2786
2786
2786
2786
2787
2788
2788
2789
2789
2789
2789
2789
2789
2789
2789
2789
2790
2790
2790
2789
2790
2789
2789
2789
2789
2789
2788
2788
2789
2789
2789
2789
2789
2789
2790
2789
2789
2790
2790
2790
2789
2790
2789
2789
2789
2789
2788
2788
2788
2788
2787
2788
2788
2788
2788
2788
2788
2788
2788
2788
2788
2788
2788
2787
2788
2788
2788
2788
2788
2788
2788
2788
2789
2789
2789
2790
2790
2790
2791
2792
2792
2793
2794
2794
2795
2796
2796
2797
2797
2797
2797
2798
2797
2797
2798
2798
2797
2797
2798
2797
2797
2797
2797
2797
2797
2797
2797
2797
2797
2797
2797
2798
2797
2798
2797
2797
2797
2797
2797
2797
2797
2797
2797
2796
2796
2797
2797
2797
2797
2797
2797
2797
2798
2797
2797
2798
2797
2797
2797
2796
2796
2795
2796
2795
2795
2795
2795
2795
2796
2796
2796
2796
2796
2796
2795
2796
2795
2795
2795
2795
2795
2795
2795
2795
2795
2795
2795
2794
2795
2794
2794
2794
2794
2794
2793
2793
2793
2793
2793
2793
2793
2792
2793
2793
2793
2793
2793
2793
2793
2793
2793
2792
2792
2792
2791
2791
2790
2790
2789
2789
2789
2788
2789
2788
