3561
3617
3665
3712
3761
3801
3837
3869
3896
3921
3942
3960
3977
3990
4002
4013
4022
4030
4037
4043
4049
4053
4057
4061
4064
4067
4069
4071
4073
4074
4076
4077
4078
4079
4080
4081
4081
4082
4083
4083
4083
4084
4084
4084
4084
4083
4082
4082
4081
4079
4078
4076
4074
4072
4065
4056
4048
4036
4017
4001
3985
3954
3926
3904
3867
3830
3798
3763
3719
3681
3647
3600
3557
3521
3479
3436
3398
3362
3321
3285
3254
3220
3189
3161
3135
3111
3089
3069
3052
3036
3022
3009
2998
2989
2980
2973
2967
2961
2960
2958
2957
2959
2963
2967
2970
2978
2983
2988
2996
3002
3008
3016
3026
3034
3042
3054
3064
3074
3085
3096
3105
3114
3123
3130
3137
3142
3147
3151
3154
3156
3157
3157
3156
3154
3152
3147
3142
3137
3132
3125
3118
3112
3106
3099
3094
3091
3087
3084
3083
3084
3085
3085
3090
3093
3097
3101
3105
3108
3111
3114
3116
3119
3119
3119
3119
3116
3111
3107
3101
3089
3078
3068
3051
3033
3018
3000
2979
2959
2941
2918
2897
2878
2857
2836
2816
2796
2774
2754
2736
2713
2692
2672
2652
2632
2613
2596
2579
2564
2550
2536
2523
2512
2502
2493
2485
2477
2473
2468
2464
2462
2461
2460
2459
2460
2461
2462
2466
2468
2471
2475
2481
2485
2490
2497
2503
2509
2516
2522
2528
2533
2539
2543
2546
2550
2553
2555
2557
2558
2559
2560
2560
2560
2560
2557
2555
2553
2550
2546
2542
2538
2535
2531
2528
2525
2523
2521
2519
2518
2517
2516
2517
2518
2518
2520
2523
2525
2529
2535
2540
2544
2553
2561
2567
2576
2586
2594
2602
2613
2623
2632
2645
2657
2667
2679
2693
2704
2715
2726
2736
2746
2754
2762
2769
2776
2781
2786
2790
2792
2793
2794
2794
2793
2791
2789
2786
2782
2779
2773
2768
2763
2757
2751
2745
2738
2731
2724
2718
2711
2704
2697
2690
2683
2677
2671
2664
2657
2651
2644
2636
2629
2623
2615
2608
2602
2594
2587
2580
2573
2564
2557
2549
2542
2535
2529
2523
2517
2512
2507
2502
2498
2494
2490
2486
2483
2480
2477
2474
2472
2469
2466
2464
2461
2457
2453
2449
2442
2437
2431
2423
2416
2409
2401
2393
2386
2378
2370
2363
2356
2349
2341
2335
2330
2325
2321
2318
2318
2317
2316
2320
2322
2324
2329
2334
2339
2343
2351
2358
2364
2373
2382
2389
2399
2410
2419
2427
2440
2451
2460
2473
2486
2497
2509
2524
2537
2549
2565
2580
2593
2610
2626
2641
2656
2675
2692
2707
2726
2743
2759
2775
2792
2807
2821
2836
2850
2862
2874
2885
2895
2905
2915
2923
2931
2939
2947
2953
2960
2967
2973
2978
2986
2992
2998
3006
3013
3019
3027
3036
3043
3050
3060
3068
3076
3086
3096
3105
3114
3126
3135
3143
3155
3164
3172
3182
3191
3199
3207
3216
3224
3231
3239
3246
3253
3260
3268
3274
3280
3288
3294
3299
3305
3310
3314
3318
3322
3325
3327
3328
3329
3329
3328
3325
3323
3320
3314
3309
3305
3297
3289
3282
3273
3263
3253
3244
3233
3222
3213
3201
3190
3181
3171
3162
3154
3146
3139
3133
3127
3122
3117
3113
3110
3109
3108
3106
3108
3109
3110
3112
3115
3117
3120
3124
3128
3131
3136
3141
3145
3150
3156
3161
3165
3171
3175
3180
3185
3189
3193
3198
3204
3208
3213
3218
3223
3227
3233
3239
3251
3266
3277
3284
3289
3291
3292
3293
3299
3301
3301
3300
3296
3291
3286
3280
3274
3269
3263
3258
3251
3245
3240
3234
3229
3223
3217
3212
3208
3204
3199
3195
3193
3191
3188
3186
3185
3184
3183
3182
3181
3180
3179
3178
3178
3177
3177
3177
3178
3179
3181
3184
3187
3189
3191
3194
3197
3199
3200
3204
3204
3205
3205
3206
3205
3205
3206
3206
3207
3208
3209
3210
3211
3212
3212
3212
3213
3213
3213
3211
3209
3207
3205
3201
3198
3194
3190
3186
3182
3177
3171
3167
3162
3158
3154
3150
3145
3140
3135
3130
3125
3121
3116
3111
3106
3101
3096
3090
3085
3079
3072
3066
3059
3052
3044
3038
3030
3021
3014
3006
2998
2990
2983
2974
2966
2959
2950
2941
2933
2926
2917
2909
2902
2893
2885
2877
2869
2860
2852
2844
2834
2825
2816
2805
2794
2784
2774
2762
2751
2740
2728
2716
2705
2693
2679
2667
2655
2642
2629
2618
2604
2591
2579
2567
2554
2542
2531
2519
2507
2497
2485
2473
2463
2452
2441
2430
2421
2410
2399
2390
2380
2369
2359
2350
2340
2330
2321
2312
2302
2294
2285
2277
2269
2262
2254
2247
2241
2234
2228
2222
2217
2211
2206
2201
2196
2191
2187
2183
2179
2175
2171
2168
2165
2162
2159
2155
2152
2149
2144
2140
2136
2131
2126
2122
2117
2111
2106
2101
2095
2089
2084
2079
2074
2071
2067
2063
2059
2054
2049
2043
2038
2034
2029
2025
2021
2017
2013
2010
2006
2002
1999
1996
1993
1991
1988
1986
1983
1981
1979
1976
1973
1972
1969
1967
1965
1964
1962
1960
1960
1959
1958
1958
1957
1956
1956
1956
1956
1955
1958
1959
1961
1965
1969
1973
1978
1986
1993
1998
2009
2018
2026
2036
2047
2056
2065
2079
2090
2100
2113
2126
2137
2148
2162
2173
2183
2197
2209
2219
2232
2244
2254
2264
2277
2289
2299
2312
2323
2333
2344
2356
2365
2374
2385
2394
2403
2416
2428
2439
2452
2466
2479
2490
2508
2523
2537
2555
2573
2588
2605
2625
2642
2659
2681
2701
2718
2740
2761
2780
2799
2822
2841
2859
2882
2902
2919
2939
2959
2978
2994
3015
3032
3047
3066
3084
3098
3114
3130
3144
3157
3174
3187
3201
3215
3229
3240
3252
3265
3276
3286
3297
3306
3314
3321
3329
3336
3341
3346
3350
3354
3356
3357
3358
3358
3357
3357
3355
3352
3348
3346
3341
3335
3330
3325
3319
3314
3308
3302
3296
3291
3284
3277
3271
3266
3258
3252
3245
3237
3228
3219
3209
3198
3188
3178
3168
3158
3150
3141
3132
3124
3116
3107
3099
3092
3084
3078
3071
3064
3056
3050
3044
3038
3032
3026
3021
3017
3012
3007
3002
2997
2993
2989
2984
2980
2976
2973
2970
2967
2965
2962
2960
2959
2957
2955
2953
2951
2950
2949
2948
2946
2945
2944
2942
2942
2941
2940
2939
2939
2939
2939
2939
2941
2943
2945
2947
2948
2949
2950
2951
2952
2953
2955
2957
2958
2960
2963
2964
2967
2970
2973
2975
2979
2982
2984
2986
2989
2991
2992
2995
2996
2998
3001
3002
3004
3005
3007
3009
3009
3010
3010
3010
3011
3010
3010
3013
3015
3015
3015
3016
3017
3017
3017
3016
3014
3013
3013
3012
3011
3011
3010
3009
3010
3010
3010
3010
3011
3011
3011
3012
3012
3013
3014
3014
3015
3015
3016
3016
3017
3017
3017
3016
3016
3016
3015
3014
3013
3013
3012
3010
3008
3006
3005
3003
3001
2999
2997
2995
2992
2989
2985
2981
2977
2974
2970
2966
2962
2959
2955
2951
2947
2943
2939
2935
2931
2927
2922
2917
2914
2909
2904
2899
2894
2890
2885
2881
2877
2873
2869
2865
2861
2857
2853
2850
2847
2843
2840
2837
2834
2832
2828
2826
2823
2821
2819
2816
2814
2812
2810
2810
2810
2811
2812
2813
2813
2813
2813
2813
2812
2812
2812
2811
2812
2814
2815
2816
2817
2817
2817
2817
2817
2816
2813
2810
2809
2806
2804
2802
2800
2800
2799
2799
2799
2799
2799
2799
2799
2800
2800
2801
2801
2801
2800
2800
2800
2801
2801
2802
2804
2805
2806
2807
2808
2808
2808
2808
2808
2808
2807
2807
2806
2805
2805
2804
2803
2802
2800
2800
2799
2798
2797
2796
2795
2794
2793
2792
2792
2792
2791
2791
2790
2789
2788
2788
2787
2786
2784
2783
2782
2781
2779
2777
2775
2773
2771
2768
2766
2762
2759
2757
2755
2754
2752
2750
2748
2746
2744
2741
2738
2736
2733
2730
2728
2725
2722
2718
2716
2713
2709
2706
2703
2700
2697
2693
2690
2686
2683
2680
2676
2673
2670
2666
2663
2659
2655
2652
2649
2645
2642
2639
2636
2633
2630
2627
2624
2621
2618
2616
2612
2609
2606
2603
2601
2598
2595
2592
2589
2587
2584
2581
2578
2576
2573
2571
2568
2566
2563
2560
2558
2555
2553
2551
2548
2546
2544
2542
2540
2538
2536
2534
2532
2530
2528
2527
2525
2524
2522
2520
2520
2519
2518
2517
2517
2517
2517
2517
2517
2517
2519
2520
2521
2522
2524
2525
2527
2529
2530
2532
2534
2537
2538
2540
2542
2544
2546
2549
2552
2554
2557
2561
2563
2565
2569
2571
2573
2577
2580
2582
2585
2588
2590
2593
2596
2598
2601
2605
2607
2610
2613
2616
2619
2621
2624
2626
2629
2632
2634
2637
2639
2643
2645
2647
2651
2655
2657
2661
2664
2667
2669
2673
2676
2679
2682
2685
2687
2690
2694
2696
2698
2701
2704
2706
2710
2713
2715
2718
2721
2724
2726
2731
2734
2737
2741
2745
2748
2751
2755
2758
2761
2765
2769
2772
2776
2780
2783
2786
2790
2793
2797
2800
2803
2806
2809
2813
2815
2818
2821
2824
2827
2830
2833
2835
2837
2840
2842
2843
2846
2847
2849
2851
2852
2852
2853
2854
2855
2855
2856
2856
2856
2857
2858
2858
2858
2858
2858
2859
2859
2858
2858
2858
2859
2861
2862
2863
2863
2864
2864
2864
2864
2863
2861
2859
2858
2858
2857
2858
2858
2858
2859
2860
2862
2863
2863
2865
2867
2868
2870
2871
2873
2874
2875
2877
2877
2878
2879
2880
2882
2883
2884
2884
2886
2887
2888
2889
2889
2889
2890
2891
2891
2890
2891
2890
2891
2890
2889
2888
2887
2887
2886
2884
2884
2883
2882
2881
2880
2879
2878
2877
2877
2876
2876
2875
2875
2875
2875
2875
2875
2876
2875
2876
2876
2875
2875
2875
2877
2876
2876
2877
2877
2878
2878
2878
2878
2878
2879
2879
2879
2880
2880
2880
2882
2882
2882
2882
2884
2885
2886
2887
2888
2889
2891
2892
2893
2893
2895
2896
2897
2899
2900
2901
2903
2905
2906
2907
2909
2910
2911
2913
2915
2916
2918
2920
2921
2922
2924
2925
2927
2928
2929
2930
2931
2932
2933
2933
2934
2934
2935
2936
2937
2937
2937
2939
2939
2939
2939
2940
2940
2941
2941
2941
2941
2942
2942
2942
2943
2943
2943
2942
2942
2942
2941
2942
2941
2941
2940
2939
2939
2938
2936
2935
2935
2933
2931
2929
2927
2925
2923
2921
2919
2917
2915
2913
2911
2909
2907
2905
2903
2901
2898
2896
2894
2892
2889
2887
2885
2882
2879
2876
2874
2872
2870
2868
2866
2864
2862
2860
2858
2856
2854
2852
2851
2849
2846
2845
2843
2842
2840
2838
2837
2836
2835
2833
2831
2830
2828
2828
2826
2825
2824
2823
2822
2822
2821
2820
2819
2819
2818
2817
2817
2816
2815
2814
2814
2813
2811
2811
2811
2810
2809
2807
2806
2805
2804
2802
2801
2800
2799
