1357
1356
1357
1357
1357
1358
1358
1357
1357
1357
1358
1358
1357
1357
1358
1358
1358
1357
1357
1358
1358
1358
1358
1357
1358
1358
1358
1357
1357
1358
1358
1358
1357
1357
1357
1358
1358
1358
1357
1358
1358
1357
1358
1357
1358
1357
1357
1358
1358
1357
1357
1358
1357
1358
1357
1358
1357
1358
1357
1357
1357
1358
1357
1356
1358
1356
1357
1357
1357
1357
1357
1356
1357
1356
1355
1357
1357
1357
1357
1357
1357
1358
1357
1358
1357
1358
1357
1358
1358
1357
1357
1357
1358
1357
1356
1357
1358
1357
1358
1358
1358
1357
1358
1357
1356
1358
1357
1357
1357
1357
1357
1357
1358
1357
1357
1357
1358
1358
1356
1358
1357
1357
1358
1357
1358
1357
1358
1358
1358
1358
1358
1359
1358
1358
1359
1359
1359
1358
1358
1358
1358
1358
1357
1357
1358
1358
1358
1358
1357
1358
1358
1358
1358
1358
1358
1359
1359
1358
1359
1359
1359
1360
1358
1359
1357
1359
1358
1358
1358
1358
1358
1358
1357
1357
1357
1359
1357
1358
1357
1357
1357
1357
1358
1357
1356
1356
1358
1357
1357
1358
1357
1358
1358
1358
1357
1358
1359
1358
1358
1358
1358
1359
1359
1359
1359
1359
1359
1359
1359
1359
1359
1359
1359
1359
1358
1358
1358
1358
1358
1357
1357
1359
1359
1359
1359
1358
1359
1359
1358
1358
1359
1358
1359
1358
1358
1359
1358
1359
1358
1359
1359
1358
1359
1358
1358
1360
1357
1358
1359
1359
1359
1358
1359
1359
1358
1359
1358
1359
1359
1359
1359
1357
1358
1359
1359
1359
1359
1359
1359
1359
1359
1359
1359
1359
1359
1359
1358
1358
1358
1359
1358
1359
1359
1359
1359
1358
1359
1359
1360
1358
1359
1359
1359
1358
1358
1359
1360
1359
1359
1359
1359
1359
1359
1358
1358
1359
1358
1359
1358
1358
1358
1358
1359
1358
1358
1359
1359
1359
1359
1358
1358
1359
1359
1358
1359
1358
1358
1358
1359
1358
1357
1358
1358
1358
1357
1357
1358
1357
1357
1357
1356
1357
1357
1357
1357
1356
1356
1357
1357
1357
1357
1357
1357
1356
1357
1356
1356
1357
1356
1357
1357
1356
1356
1356
1356
1356
1356
1356
1355
1357
1357
1357
1356
1357
1357
1357
1356
1358
1358
1357
1358
1357
1358
1357
1357
1357
1357
1357
1357
1357
1357
1357
1357
1356
1357
1358
1357
1357
1358
1357
1357
1357
1358
1358
1358
1358
1359
1360
1359
1360
1360
1359
1360
1360
1360
1360
1360
1360
1360
1360
1360
1360
1361
1360
1360
1359
1358
1360
1359
1359
1359
1359
1360
1360
1360
1360
1360
1359
1360
1360
1360
1360
1360
1360
1360
1360
1360
1360
1360
1360
1359
1360
1359
1360
1360
1359
1359
1359
1359
1358
1359
1359
1359
1360
1358
1359
1359
1359
1358
1357
1357
1359
1358
1357
1359
1360
1358
1359
1358
1358
1358
1359
1359
1357
1358
1358
1358
1358
1358
1359
1357
1357
1359
1359
1358
1358
1357
1359
1359
1358
1359
1358
1358
1359
1358
1358
1357
1357
1357
1357
1357
1357
1357
1358
1356
1357
1357
1357
1358
1357
1357
1358
1357
1358
1357
1357
1358
1358
1358
1358
1358
1358
1358
1357
1358
1358
1358
1358
1358
1358
1358
1357
1357
1357
1358
1358
1357
1358
1357
1359
1358
1358
1357
1358
1358
1358
1358
1358
1357
1357
1357
1357
1357
1356
1357
1356
1357
1356
1356
1356
1356
1356
1356
1356
1356
1357
1357
1356
1356
1356
1357
1356
1357
1357
1356
1356
1356
1356
1356
1355
1356
1356
1356
1355
1355
1351
1358
1358
1341
1354
1350
1341
1350
1359
1286
1387
677
5
317
5
498
489
2674
1358
1358
1358
1358
1359
1358
1358
1357
1357
1357
1358
1358
1358
1358
1358
1358
1357
1357
1358
1357
1357
1358
1357
1357
1358
1357
1358
1357
1357
1358
1358
1357
1358
1358
1358
1357
1358
1358
1358
1358
1358
1358
1357
1358
1358
1358
1357
1359
1359
1358
1359
1358
1358
1358
1358
1358
1358
1359
1359
1359
1360
1359
1359
1359
1358
1360
1359
1359
1360
1360
1360
1360
1360
1360
1360
1360
1360
1360
1360
1360
1360
1360
1359
1359
1360
1360
1359
1359
1359
1360
1359
1359
1359
1359
1359
1359
1359
1359
1359
1359
1358
1359
1359
1359
1360
1360
1360
1360
1360
1360
1360
1360
1360
1358
1360
1359
1360
1360
1359
1359
1359
1359
1359
1360
1359
1360
1359
1358
1359
1360
1360
1358
1359
1360
1360
1360
1359
1359
1359
1358
1358
1359
1359
1359
1359
1359
1358
1359
1359
1358
1357
1358
1359
1359
1358
1357
1358
1358
1357
1357
1358
1358
1359
1358
1358
1358
1358
1358
1357
1358
1357
1358
1357
1358
1357
1357
1357
1357
1357
1356
1356
1357
1357
1356
1357
1357
1357
