[PREW 616 count_idx:2, count_value:17546]
1354
1355
1354
1354
1353
1353
1354
1353
1353
1353
1354
1353
1354
1353
1353
1353
1352
1353
1353
1352
1353
1353
1352
1353
1352
1353
1352
1352
1353
1352
1353
1352
1353
1352
1352
1352
1351
1352
1352
1354
1353
1352
1353
1351
1352
1352
1352
1353
1351
1352
1352
1352
1351
1352
1352
1351
1352
1352
1352
1352
1353
1353
1353
1353
1352
1353
1352
1353
1352
1353
1352
1352
1352
1352
1352
1352
1353
1353
1352
1354
1353
1353
1354
1353
1353
1354
1353
1355
1354
1353
1353
1353
1353
1353
1353
1354
1353
1353
1353
1353
1353
1353
1353
1353
1354
1353
1353
1352
1353
1352
1352
1354
1353
1352
1353
1353
1353
1353
1354
1353
1353
1353
1353
1354
1353
1353
1353
1354
1354
1353
1354
1353
1353
1354
1354
1354
1353
1354
1353
1353
1353
1353
1353
1353
1353
1353
1353
1354
1352
1352
1354
1353
1354
1354
1353
1354
1352
1354
1354
1354
1354
1353
1354
1354
1354
1354
1353
1355
1354
1356
1355
1355
1354
1353
1355
1353
1354
1353
1354
1354
1354
1354
1353
1354
1354
1354
1353
1354
1354
1353
1354
1353
1353
1354
1354
1354
1352
1353
1354
1353
1353
1353
1353
1354
1353
1354
1353
1353
1355
1353
1353
1353
1353
1354
1353
1353
1352
1353
1354
1352
1353
1353
1354
1353
1354
1354
1354
1355
1355
1354
1355
1355
1355
1355
1355
1354
1355
1354
1355
1355
1354
1354
1355
1354
1354
1355
1356
1355
1355
1355
1356
1354
1355
1355
1355
1355
1355
1356
1355
1355
1354
1355
1355
1354
1355
1355
1355
1354
1355
1354
1354
1355
1354
1354
1355
1354
1354
1354
1354
1353
1354
1353
1353
1354
1353
1354
1354
1354
1353
1353
1353
1355
1354
1353
1354
1354
1354
1353
1352
1353
1354
1353
1353
1353
1353
1354
1353
1353
1353
1353
1354
1354
1353
1353
1354
1353
1353
1353
1353
1354
1353
1353
1353
1353
1353
1352
1353
1353
1351
1353
1353
1353
1352
1354
1353
1352
1352
1353
1354
1353
1354
1354
1353
1354
1353
1353
1353
1353
1353
1352
1353
1352
1353
1352
1352
1352
1352
1352
1352
1352
1352
1353
1353
1352
1353
1352
1353
1352
1351
1353
1351
1352
1352
1352
1352
1352
1352
1351
1352
1353
1352
1352
1352
1353
1352
1352
1353
1353
1353
1353
1353
1354
1354
1354
1354
1355
1354
1354
1355
1355
1355
1355
1355
1355
1355
1355
1356
1355
1356
1356
1355
1355
1354
1355
1356
1356
1356
1356
1355
1355
1356
1355
1355
1355
1354
1355
1355
1355
1354
1355
1355
1355
1354
1354
1355
1354
1355
1355
1355
1354
1354
1354
1355
1354
1355
1356
1355
1355
1355
1355
1355
1355
1356
1355
1355
1356
1355
1356
1355
1355
1354
1355
1355
1354
1354
1353
1354
1354
1354
1354
1354
1354
1354
1354
1352
1353
1353
1353
1354
1353
1353
1353
1353
1353
1353
1353
1353
1353
1353
1352
1352
1353
1353
1352
1353
1352
1352
1353
1353
1352
1353
1352
1353
1353
1352
1353
1352
1353
1353
1354
1353
1353
1354
1355
1354
1354
1354
1353
1354
1354
1353
1352
1352
1353
1352
1352
1352
1353
1353
1353
1351
1353
1352
1353
1353
1353
1353
1353
1353
1353
1352
1354
1354
1354
1353
1354
1354
1354
1353
1353
1354
1354
1354
1354
1353
1353
1354
1354
1354
1354
1354
1354
1354
1354
1354
1354
1354
1354
1354
1354
1354
1354
1355
1355
1354
1354
1354
1354
1354
1354
1353
1353
1353
1353
1354
1353
1354
1353
1354
1352
1352
1353
1352
1353
1353
1352
1353
1351
1353
1357
1338
1366
1343
1361
1336
1372
1356
1345
1360
1363
1376
1355
1389
1491
1174
1930
1353
1353
1353
1353
1353
1353
1353
1353
1353
1353
1353
1354
1352
1353
1352
1353
1352
1352
1352
1353
1353
1352
1352
1354
1353
1353
1353
1353
1353
1354
1354
1353
1353
1354
1354
1354
1353
1355
1355
1353
1354
1354
1354
1354
1354
1355
1355
1354
1354
1354
1354
1354
1355
1354
1354
1355
1353
1354
1355
1353
1355
1354
1355
1355
1355
1355
1355
1355
1355
1355
1356
1355
1356
1355
1355
1355
1355
1356
1356
1355
1356
1355
1355
1356
1356
1356
1355
1356
1355
1356
1355
1357
1356
1355
1356
1357
1356
1356
1357
1356
1357
1357
1356
1356
1355
1356
1356
1355
1356
1355
1356
1356
1355
1356
1355
1356
1356
1356
1356
1356
1357
1356
1356
1356
1356
1356
1356
1354
1355
1354
1354
1355
1355
1355
1355
1354
1357
1355
1354
1354
1355
1354
1355
1355
1355
1354
1355
1354
1355
1355
1354
1355
1354
1355
1354
1354
1355
1354
1354
1355
1354
1354
1353
1354
1354
1354
1354
1353
1354
1354
1355
1354
1354
1353
1355
1354
1353
1353
1354
1354
1354
1353
1354
1354
[POSTW]
1966
1281
1604
1056
8
757
5
666
331
420
1342
782
739
1576
685
1289
1265
1411
1762
2330
2247
2951
2517
2283
3178
1767
2834
2259
2026
2415
1574
2192
2015
1994
2232
1876
2239
1630
1706
2070
1933
2461
2380
2335
2031
1785
1403
766
760
555
629
362
19
6
5
89
626
778
1279
1431
1911
2165
2440
2428
2305
2092
1542
1629
997
935
904
467
681
305
225
93
238
73
6
5
5
5
5
5
245
789
1355
2118
2559
2966
3292
3399
3625
3397
3416
3097
2962
2703
2244
2067
1441
1273
1050
1071
1006
1087
1204
976
963
863
438
468
299
369
524
757
771
830
810
760
834
830
1006
1094
1241
1450
1379
1592
1582
1678
1808
1683
1746
1511
1435
1440
1268
1343
1284
1230
1354
1356
1539
1673
1815
2010
2195
2433
2461
2482
2423
2351
2261
2099
1977
1747
1506
1365
1117
1041
937
858
716
485
349
180
167
178
229
312
392
597
669
838
900
948
1166
1316
1437
1464
1428
1351
1399
1487
1598
1721
1775
1841
1889
1904
1933
1889
1854
1829
1726
1671
1525
1430
1393
1299
1311
1291
1274
1279
1254
1255
1248
1174
1130
1075
1051
1022
955
895
797
716
666
630
641
687
805
858
937
1055
1091
1193
1212
1286
1270
1276
1310
1328
1333
1269
1303
1327
1409
1531
1642
1720
1801
1885
1945
1946
1926
1908
1869
1826
1789
1745
1629
1541
1462
1375
1367
1363
1347
1311
1299
1250
1186
1097
972
852
786
688
670
640
657
735
763
870
917
956
956
929
871
798
765
722
763
813
855
949
1011
1065
1124
1099
1090
1041
988
998
994
1055
1179
1276
1430
1509
1628
1700
1743
1811
1778
1765
1732
1671
1637
1566
1417
1380
1175
1104
927
857
845
743
846
842
895
885
907
1048
1001
1146
1195
1279
1392
1473
1668
1744
1854
1900
1899
1914
1841
1820
1750
1672
1742
1682
1743
1793
1755
1816
1793
1786
1773
1734
1730
1684
1647
1580
1531
1456
1386
1374
1317
1325
1299
1237
1251
1049
1080
1121
951
1070
898
903
877
742
931
797
940
970
867
931
827
936
838
819
830
713
895
984
1010
1184
1154
1294
1325
1292
1553
1467
1557
1643
1547
1681
1559
1712
1625
1656
1748
1591
1793
1696
1708
1817
1733
1855
1775
1803
1856
1740
1671
1678
1531
1470
1524
1446
1282
1406
1245
1253
1356
1247
1329
1290
1275
1256
1223
1230
1141
1200
1167
1178
1255
1256
1264
1323
1287
1336
1380
1535
1468
1615
1655
1626
1686
1673
1686
1708
1719
1821
1749
1830
1811
1798
1759
1758
1757
1635
1625
1552
1467
1438
1360
1331
1267
1163
1175
1085
956
995
881
835
848
827
833
890
940
1015
1057
1153
1281
1299
1432
1540
1552
1631
1568
1595
1511
1486
1472
1403
1436
1368
1385
1431
1379
1477
1509
1539
1641
1582
1642
1615
1594
1620
1595
1639
1566
1585
1546
1509
1447
1378
1369
1228
1337
1218
1262
1271
1189
1217
1188
1255
1211
1211
1306
1133
1200
1159
1049
1110
996
1103
1094
1150
1294
1307
1533
1555
1643
1785
1734
1854
1841
1867
1880
1866
1932
1783
1844
1813
1608
1658
1588
1466
1493
1381
1416
1336
1300
1358
1283
1354
1289
1321
1304
1232
1333
1239
1228
1228
1162
1192
1129
1158
1117
1108
1141
1093
1128
1119
1162
1197
1202
1269
1268
1291
1313
1238
1290
1222
1228
1187
1152
1209
1127
1226
1197
1170
1278
1197
1363
1371
1401
1557
1466
1578
1549
1519
1583
1448
1478
1372
1346
1365
1319
1401
1393
1386
1348
1318
1288
1263
1287
1292
1294
1300
1300
1299
1246
1302
1307
1316
1399
1439
1453
1527
1511
1496
1486
1455
1458
1489
1529
1582
1593
1629
1566
1535
1504
1457
1422
1419
1392
1406
1385
1416
1370
1381
1358
1311
1322
1288
1259
1261
1240
1181
1219
1122
1139
1118
1062
1067
1099
1095
1124
1159
1160
1181
1214
1236
1271
1264
1318
1323
1360
1383
1418
1461
1475
1540
1548
1564
1588
1575
1581
1604
1562
1580
1576
1587
1602
1595
1612
1609
1598
1617
1539
1552
1478
1419
1423
1326
1286
1283
1232
1196
1213
1178
1215
1219
1219
1267
1221
1230
1213
1212
1218
1212
1248
1205
1215
1180
1171
1194
1191
1214
1238
1254
1254
1235
1265
1241
1255
1290
1310
1364
1378
1428
1414
1437
1446
1437
1445
1426
1439
1428
1421
1458
1425
1458
1466
1477
1515
1515
1533
1549
1557
1563
1561
1563
1532
1514
1478
1440
1403
1353
1345
1286
1299
1258
1253
1256
1237
1249
1245
1250
1270
1264
1260
1293
1307
1320
1320
1355
1337
1319
1348
1357
1358
1382
1413
1381
1444
1390
1375
1387
1291
1348
1313
1306
1321
1297
1293
1240
1241
1211
1185
1211
1184
1201
1218
1189
1222
1224
1233
1217
1240
1270
1269
1331
1341
1366
1379
1375
1375
1374
1397
1400
1421
1436
1445
1429
1468
1455
1461
1503
1483
1537
1557
1553
1603
1580
1605
1577
1561
1551
1524
1520
1498
1454
1440
1390
1354
1310
1311
1282
1296
1307
1290
1299
1284
1261
1242
1213
1204
1191
1181
1192
1188
1190
1198
1211
1231
1251
1266
1295
1310
1320
1329
1328
1339
1353
1344
1367
1350
1378
1378
1379
1419
1383
1424
1395
1395
1406
1375
1409
1372
1391
1378
1377
1400
1363
1398
1375
1385
1420
1383
1425
1396
1413
1405
1366
1383
1341
1335
1328
1320
1302
1291
1292
1267
1290
1260
1257
1279
1238
1260
1270
1228
1307
1278
1292
1338
1289
1317
1315
1309
1360
1345
1402
1406
1397
1413
1398
1403
1382
1379
1404
1373
1385
1385
1379
1396
1372
1384
1384
1377
1395
1371
1379
1387
1355
1405
1361
1369
1401
1350
1384
1408
1360
1401
1344
1339
1366
1297
1375
1327
1333
1374
1325
1363
1352
1318
1403
1324
1385
1416
1378
1436
1351
1398
1387
1323
1401
1327
1369
1432
1385
1464
1416
1430
1403
1396
1414
1353
1397
1340
1380
1326
1321
1343
1282
1320
1286
1306
1297
1261
1313
1295
1281
1299
1282
1270
1299
1270
1297
1294
1300
1309
1321
1345
1343
1345
1342
1326
1332
1291
1342
1341
1323
1368
1296
1335
1321
1295
1353
1316
1374
1358
1378
1405
1391
1437
1434
1426
1432
1395
1392
1395
1360
1363
1319
1316
1286
1245
1255
1220
1248
1234
1275
1261
1268
1318
1281
1337
1299
1338
1355
1333
1389
1347
1388
1372
1390
1430
1414
1454
1440
1439
1433
1391
1399
1387
1379
1347
1361
1320
1315
1341
1282
1318
1296
1316
1309
1288
1330
1252
1289
1288
1264
1317
1311
1356
1346
1378
1388
1377
1387
1400
1376
1409
1409
1375
1393
1369
1360
1360
1357
1341
1361
1375
1386
1384
1405
1384
1420
1403
1414
1427
1407
1416
1392
1413
1362
1372
1366
1353
1340
1349
1362
1351
1388
1364
1355
1377
1326
1364
1355
1337
1365
1349
1358
1347
1355
1357
1323
1362
1324
1334
1322
1313
1320
1285
1321
1287
1306
1302
1293
1313
1310
1321
1311
1309
1310
1297
1306
1309
1302
1319
1328
1324
1358
1359
1383
1420
1396
1410
1389
1375
1373
1348
1352
1344
1344
1363
1359
1360
1365
1360
1364
1374
1371
1389
1415
1414
1422
1413
1411
1398
1384
1404
1371
1382
1401
1366
1389
1376
1372
1382
1357
1393
1349
1389
1376
1373
1420
1387
1433
1415
1421
1436
1402
1420
1394
1376
1376
1360
1364
1355
1356
1353
1345
1351
1365
1346
1358
1359
1357
1373
1366
1375
1384
1383
1410
1421
1434
1443
1449
1435
1421
1421
1395
1401
1364
1364
1320
1279
1281
1238
1258
1256
1254
1288
1307
1337
1371
1382
1418
1409
1430
1426
1429
1436
1435
1440
1438
1434
1422
1408
1391
1372
1361
1326
1325
1314
1293
1295
1296
1272
1269
1271
1259
1270
1275
1272
1294
1296
1309
1356
1349
1395
1411
1420
1448
1436
1442
1431
1419
1404
1383
1367
1335
1330
1305
1305
1303
1290
1313
1292
1309
1298
1290
1293
1279
1293
1293
1316
1334
1330
1359
1371
1381
1403
1420
1426
1432
1429
1431
1438
1423
1414
1381
1387
1358
1358
1356
1328
1351
1319
1316
1321
1284
1304
1293
1296
1319
1322
1329
1343
1330
1344
1347
1350
1370
1368
1385
1380
1392
1394
1390
1417
1396
1394
1400
1367
1381
1366
1366
1359
1332
1321
1305
1291
1288
1283
1271
1281
1249
1260
1246
1252
1260
1274
1297
1318
1334
1345
1371
1366
1380
1399
1382
1410
1395
1401
1390
1367
1373
1328
1332
1324
1296
1298
1275
1294
1278
1299
1326
1316
1361
1370
1385
1408
1407
1429
1429
1415
1423
1409
1401
1404
1382
1385
1361
1352
1345
1302
1315
1295
1294
1289
1294
1321
1314
1350
1348
1355
1360
1331
1357
1348
1339
1359
1341
1355
1350
1329
1326
1304
1286
1279
1287
1280
1294
1305
1309
1311
1306
1331
1311
1328
1344
1312
1341
1326
1322
1335
1319
1332
1344
1350
1365
1375
1381
1378
1392
1401
1409
1419
1414
1435
1420
1437
1437
1426
1444
1419
1423
1400
1393
1382
1362
1384
1348
1364
1356
1342
1353
1339
1350
1354
1353
1350
1362
1354
1342
1363
1343
1346
1336
1326
1305
1297
1277
1260
1261
1255
1242
1247
1263
1243
1286
1276
1295
1308
1296
1323
1324
1339
1350
1365
1349
1360
1345
1334
1349
1338
1359
1359
1362
1388
1376
1404
1395
1411
1429
1419
1439
1420
1410
1395
1370
1354
1333
1318
1310
1303
1300
1296
1288
1283
1288
1293
1297
1311
1342
1354
1368
1397
1402
1416
1412
1414
1415
1400
1405
1405
1407
1408
1401
1400
1393
1358
1357
1330
1311
1317
1303
1298
1307
1281
1279
1256
1253
1266
1258
1285
1295
1286
1292
1286
1281
1288
1287
1303
1310
1308
1330
1320
1326
1332
1309
1327
1327
1347
1365
1380
1405
1409
1411
1412
1394
1396
1395
1387
1397
1388
1394
1366
1365
1366
1342
1366
1350
1371
1378
1358
1383
1358
1378
1364
1378
1385
1369
1379
1358
1352
1339
1325
1322
1312
1305
1313
1312
1315
1323
1324
1319
1326
1331
1328
1343
1355
1364
1365
1359
1343
1336
1325
1330
1326
1327
1330
1324
1326
1315
1309
1318
1323
1332
1352
1357
1372
1373
1383
1410
1418
1441
1471
1480
1475
1484
1468
1456
1450
1426
1410
1390
1359
1357
1339
1327
1334
1314
1315
1309
1300
1302
1306
1309
1325
1329
1357
1339
1350
1346
1333
1333
1330
1336
1333
1340
1336
1355
1353
1368
1387
1377
1398
1390
1391
1400
1375
1371
1370
1348
1346
1344
1320
1328
1303
1302
1299
1292
1313
1310
1322
1321
1325
1353
1340
1366
1374
1365
1392
1373
