1354
1355
1354
1354
1353
1353
1354
1353
1353
1353
1354
1353
1354
1353
1353
1353
1352
1353
1353
1352
1353
1353
1352
1353
1352
1353
1352
1352
1353
1352
1353
1352
1353
1352
1352
1352
1351
1352
1352
1354
1353
1352
1353
1351
1352
1352
1352
1353
1351
1352
1352
1352
1351
1352
1352
1351
1352
1352
1352
1352
1353
1353
1353
1353
1352
1353
1352
1353
1352
1353
1352
1352
1352
1352
1352
1352
1353
1353
1352
1354
1353
1353
1354
1353
1353
1354
1353
1355
1354
1353
1353
1353
1353
1353
1353
1354
1353
1353
1353
1353
1353
1353
1353
1353
1354
1353
1353
1352
1353
1352
1352
1354
1353
1352
1353
1353
1353
1353
1354
1353
1353
1353
1353
1354
1353
1353
1353
1354
1354
1353
1354
1353
1353
1354
1354
1354
1353
1354
1353
1353
1353
1353
1353
1353
1353
1353
1353
1354
1352
1352
1354
1353
1354
1354
1353
1354
1352
1354
1354
1354
1354
1353
1354
1354
1354
1354
1353
1355
1354
1356
1355
1355
1354
1353
1355
1353
1354
1353
1354
1354
1354
1354
1353
1354
1354
1354
1353
1354
1354
1353
1354
1353
1353
1354
1354
1354
1352
1353
1354
1353
1353
1353
1353
1354
1353
1354
1353
1353
1355
1353
1353
1353
1353
1354
1353
1353
1352
1353
1354
1352
1353
1353
1354
1353
1354
1354
1354
1355
1355
1354
1355
1355
1355
1355
1355
1354
1355
1354
1355
1355
1354
1354
1355
1354
1354
1355
1356
1355
1355
1355
1356
1354
1355
1355
1355
1355
1355
1356
1355
1355
1354
1355
1355
1354
1355
1355
1355
1354
1355
1354
1354
1355
1354
1354
1355
1354
1354
1354
1354
1353
1354
1353
1353
1354
1353
1354
1354
1354
1353
1353
1353
1355
1354
1353
1354
1354
1354
1353
1352
1353
1354
1353
1353
1353
1353
1354
1353
1353
1353
1353
1354
1354
1353
1353
1354
1353
1353
1353
1353
1354
1353
1353
1353
1353
1353
1352
1353
1353
1351
1353
1353
1353
1352
1354
1353
1352
1352
1353
1354
1353
1354
1354
1353
1354
1353
1353
1353
1353
1353
1352
1353
1352
1353
1352
1352
1352
1352
1352
1352
1352
1352
1353
1353
1352
1353
1352
1353
1352
1351
1353
1351
1352
1352
1352
1352
1352
1352
1351
1352
1353
1352
1352
1352
1353
1352
1352
1353
1353
1353
1353
1353
1354
1354
1354
1354
1355
1354
1354
1355
1355
1355
1355
1355
1355
1355
1355
1356
1355
1356
1356
1355
1355
1354
1355
1356
1356
1356
1356
1355
1355
1356
1355
1355
1355
1354
1355
1355
1355
1354
1355
1355
1355
1354
1354
1355
1354
1355
1355
1355
1354
1354
1354
1355
1354
1355
1356
1355
1355
1355
1355
1355
1355
1356
1355
1355
1356
1355
1356
1355
1355
1354
1355
1355
1354
1354
1353
1354
1354
1354
1354
1354
1354
1354
1354
1352
1353
1353
1353
1354
1353
1353
1353
1353
1353
1353
1353
1353
1353
1353
1352
1352
1353
1353
1352
1353
1352
1352
1353
1353
1352
1353
1352
1353
1353
1352
1353
1352
1353
1353
1354
1353
1353
1354
1355
1354
1354
1354
1353
1354
1354
1353
1352
1352
1353
1352
1352
1352
1353
1353
1353
1351
1353
1352
1353
1353
1353
1353
1353
1353
1353
1352
1354
1354
1354
1353
1354
1354
1354
1353
1353
1354
1354
1354
1354
1353
1353
1354
1354
1354
1354
1354
1354
1354
1354
1354
1354
1354
1354
1354
1354
1354
1354
1355
1355
1354
1354
1354
1354
1354
1354
1353
1353
1353
1353
1354
1353
1354
1353
1354
1352
1352
1353
1352
1353
1353
1352
1353
1351
1353
1357
1338
1366
1343
1361
1336
1372
1356
1345
1360
1363
1376
1355
1389
1491
1174
1930
1353
1353
1353
1353
1353
1353
1353
1353
1353
1353
1353
1354
1352
1353
1352
1353
1352
1352
1352
1353
1353
1352
1352
1354
1353
1353
1353
1353
1353
1354
1354
1353
1353
1354
1354
1354
1353
1355
1355
1353
1354
1354
1354
1354
1354
1355
1355
1354
1354
1354
1354
1354
1355
1354
1354
1355
1353
1354
1355
1353
1355
1354
1355
1355
1355
1355
1355
1355
1355
1355
1356
1355
1356
1355
1355
1355
1355
1356
1356
1355
1356
1355
1355
1356
1356
1356
1355
1356
1355
1356
1355
1357
1356
1355
1356
1357
1356
1356
1357
1356
1357
1357
1356
1356
1355
1356
1356
1355
1356
1355
1356
1356
1355
1356
1355
1356
1356
1356
1356
1356
1357
1356
1356
1356
1356
1356
1356
1354
1355
1354
1354
1355
1355
1355
1355
1354
1357
1355
1354
1354
1355
1354
1355
1355
1355
1354
1355
1354
1355
1355
1354
1355
1354
1355
1354
1354
1355
1354
1354
1355
1354
1354
1353
1354
1354
1354
1354
1353
1354
1354
1355
1354
1354
1353
1355
1354
1353
1353
1354
1354
1354
1353
1354
1354
