3634
3692
3743
3787
3825
3858
3887
3912
3935
3955
3970
3985
3998
4009
4018
4027
4034
4041
4046
4052
4055
4058
4062
4064
4067
4069
4071
4073
4075
4076
4077
4078
4079
4080
4080
4081
4081
4082
4082
4083
4083
4083
4084
4084
4084
4084
4085
4085
4085
4085
4085
4085
4085
4086
4086
4086
4086
4086
4086
4086
4086
4087
4086
4088
4086
4087
4086
4086
4086
4086
4088
4087
4086
4086
4086
4086
4086
4086
4086
4086
4087
4086
4086
4086
4086
4087
4086
4086
4087
4086
4086
4086
4087
4087
4087
4087
4087
4087
4087
4087
4087
4087
4087
4087
4087
4087
4087
4087
4087
4087
4087
4086
4087
4087
4087
4087
4087
4087
4087
4087
4086
4085
4063
4039
4018
3985
3944
3909
3871
3822
3779
3739
3681
3630
3585
3527
3470
3421
3368
3313
3265
3219
3173
3133
3096
3062
3032
3004
2978
2953
2931
2910
2889
2871
2854
2841
2831
2819
2811
2804
2797
2790
2783
2776
2767
2757
2745
2735
2722
2711
2701
2690
2681
2672
2664
2658
2652
2646
2641
2636
2631
2624
2617
2611
2604
2598
2593
2587
2582
2577
2572
2567
2562
2557
2548
2539
2532
2522
2513
2505
2500
2497
2494
2493
2493
2493
2493
2489
2485
2482
2475
2468
2462
2457
2453
2450
2448
2451
2453
2455
2461
2466
2471
2475
2479
2482
2483
2482
2481
2479
2471
2465
2459
2443
2428
2415
2395
2375
2357
2337
2314
2295
2276
2250
2228
2209
2180
2152
2129
2103
2076
2054
2035
2019
2005
1994
1992
1991
1989
1993
1997
2001
2006
2011
2015
2020
2028
2035
2040
2052
2062
2070
2081
2091
2099
2106
2112
2117
2119
2119
2118
2117
2112
2108
2103
2096
2088
2081
2073
2063
2054
2046
2036
2027
2019
2009
2000
1993
1984
1975
1967
1959
1951
1944
1937
1931
1926
1921
1916
1913
1909
1902
1894
1887
1877
1862
1850
1838
1823
1810
1799
1789
1779
1771
1761
1750
1742
1732
1718
1707
1697
1686
1677
1669
1669
1669
1670
1677
1687
1695
1704
1717
1726
1734
1748
1759
1768
1785
1801
1814
1832
1852
1868
1884
1902
1917
1930
1944
1955
1965
1978
1991
2001
2016
2033
2048
2063
2081
2096
2109
2124
2136
2146
2157
2167
2176
2186
2195
2203
2210
2217
2222
2226
2226
2225
2225
2220
2213
2208
2201
2192
2184
2177
2167
2159
2151
2141
2131
2122
2112
2101
2093
2085
2079
2074
2071
2075
2077
2080
2091
2103
2112
2127
2144
2159
2174
2194
2211
2225
2242
2256
2268
2279
2288
2296
2302
2307
2311
2314
2317
2319
2320
2318
2317
2316
2311
2306
2302
2296
2290
2284
2279
2273
2269
2264
2261
2258
2256
2254
2252
2250
2248
2246
2245
2243
2243
2242
2242
2242
2242
2241
2238
2234
2230
2224
2215
2207
2199
2189
2180
2172
2163
2154
2147
2138
2129
2121
2112
2102
2093
2085
2078
2072
2066
2065
2063
2062
2063
2066
2069
2072
2076
2080
2083
2087
2090
2093
2096
2098
2100
2102
2104
2105
2106
2106
2106
2106
2104
2102
2101
2098
2096
2093
2090
2085
2081
2076
2068
2061
2055
2046
2039
2032
2025
2018
2013
2007
2000
1994
1988
1978
1970
1962
1952
1941
1933
1923
1913
1904
1895
1886
1878
1870
1859
1850
1843
1834
1826
1820
1816
1812
1809
1808
1810
1811
1813
1818
1823
1827
1835
1843
1850
1860
1872
1881
1892
1906
1917
1927
1943
1955
1966
1979
1991
2001
2012
2022
2031
2038
2044
2050
2055
2058
2062
2064
2066
2068
2070
2071
2073
2075
2077
2080
2082
2084
2087
2090
2091
2094
2096
2098
2099
2101
2101
2102
2102
2102
2101
2101
2101
2101
2101
2102
2102
2103
2106
2109
2111
2115
2118
2121
2125
2128
2130
2134
2138
2142
2146
2154
2159
2165
2177
2186
2194
2206
2218
2228
2240
2253
2263
2274
2286
2296
2305
2314
2323
2330
2337
2344
2350
2356
2362
2367
2371
2377
2381
2385
2389
2392
2394
2395
2395
2395
2394
2392
2390
2388
2385
2383
2381
2379
2378
2376
2374
2372
2370
2367
2363
2359
2355
2349
2343
2338
2330
2323
2317
2310
2302
2296
2290
2282
2275
2269
2260
2253
2246
2237
2229
2222
2215
2208
2202
2196
2190
2185
2180
2176
2172
2169
2167
2164
2162
2159
2157
2154
2152
2150
2149
2147
2145
2144
2143
2140
2138
2135
2132
2128
2125
2121
2117
2113
2110
2105
2101
2098
2091
2085
2080
2072
2062
2053
2045
2034
2024
2016
2005
1996
1988
1978
1968
1960
1950
1939
1930
1921
1909
1898
1889
1878
1868
1860
1850
1841
1832
1824
1813
1804
1797
1787
1780
1773
1766
1759
1754
1748
1744
1739
1736
1732
1729
1726
1724
1722
1721
1722
1724
1725
1728
1733
1738
1742
1748
1753
1756
1761
1764
1766
1771
1774
1777
1781
1785
1789
1792
1798
1802
1805
1810
1814
1818
1821
1824
1826
1829
1832
1834
1837
1842
1846
1849
1854
1859
1863
1868
1873
1877
1882
1887
1892
1895
1901
1905
1908
1913
1917
1921
1925
1930
1933
1937
1942
1947
1950
1956
1961
1965
1972
1978
1983
1989
1996
2002
2008
2017
2024
2030
2042
2052
2060
2072
2083
2093
2104
2116
2126
2136
2148
2159
2168
2180
2190
2199
2209
2219
2228
2237
2248
2256
2264
2273
2281
2288
2295
2300
2305
2309
2312
2314
2317
2319
2321
2323
2327
2330
2332
2336
2339
2342
2345
2348
2351
2354
2357
2359
2361
2365
2367
2370
2373
2376
2379
2382
2385
2387
2389
2392
2394
2395
2397
2399
2400
2401
2402
2404
2405
2407
2408
2409
2409
2410
2410
2410
2410
2410
2410
2410
2411
2410
2408
2406
2410
2426
2440
2455
2531
2601
2664
2800
2942
3065
3188
3302
3405
3493
3570
3635
3694
3745
3788
3826
3859
3888
3913
3935
3955
3974
3986
3999
4011
4020
4030
4036
4043
4047
4051
4056
4059
4064
4065
4067
4070
4072
4074
4075
4079
4077
4079
4079
4081
4080
4083
4081
4082
4083
4083
4083
4083
4084
4084
4085
4084
4087
4085
4085
4084
4081
4046
4014
3989
3940
3889
3849
3800
3751
3708
3663
3610
3562
3519
3463
3413
3368
3327
3291
3259
3241
3236
3230
3229
3253
3272
3288
3326
3357
3384
3426
3468
3501
3542
3589
3626
3664
3717
3757
3797
3834
3865
3893
3918
3941
3958
3975
3989
4001
4014
4023
4030
4038
4043
4050
4054
4058
4063
4064
4069
4070
4072
4073
4075
4078
4078
4080
4080
4081
4082
4082
4083
4083
4084
4084
4084
4084
4085
4085
4085
4085
4085
4085
4085
4086
4086
4086
4086
4086
4086
4086
4086
4086
4087
4086
4087
4087
4086
4086
4086
4086
4086
4086
4085
4085
4084
4082
4081
4079
4076
4074
4071
4066
4062
4058
4047
4038
4030
4015
4000
3987
3971
3953
3937
3921
3900
3881
3866
3835
3808
3785
3751
3718
3686
3653
3618
3587
3557
3527
3499
3476
3452
3430
3412
3393
3377
3361
3346
3328
3313
3298
3283
3271
3259
3249
3241
3233
3228
3223
3220
3212
3199
3186
3174
3150
3128
3108
3081
3053
3030
3005
2979
2955
2932
2905
2880
2857
2827
2801
2776
2747
2718
2692
2664
2636
2610
2586
2562
2541
2521
2499
2480
2462
2444
2427
2412
2396
2379
2365
2350
2330
2313
2298
2271
2246
2225
2199
2173
2150
2128
2105
2086
2069
2054
2040
2029
2018
2008
1999
1990
1980
1973
1963
1952
1942
1934
1926
1919
1914
1911
1910
1908
1909
1910
1911
1912
1911
1910
1909
1901
1895
1890
1881
1873
1866
1858
1851
1844
1837
1828
1819
1812
1800
1789
1780
1773
1766
1761
1759
1758
1758
1759
1763
1767
1770
1777
1783
1787
1793
1798
1802
1805
1808
1810
1811
1812
1812
1812
1813
1813
1813
1814
1815
1816
1818
1819
1821
1821
1819
1818
1816
1812
1808
1804
1805
1806
1807
1812
1823
1832
1840
1855
1866
1876
1889
1900
1910
1922
1934
1944
1956
1972
1985
1997
2018
2034
2049
2067
2083
2097
2113
2128
2141
2155
2174
2190
2204
2227
2247
2264
2288
2310
2330
2353
2376
2397
2418
2442
2464
2483
2507
2530
2550
2576
2603
2626
2655
2687
2716
2744
2777
2805
2831
2858
2882
2904
2926
2947
2965
2985
3006
3024
3042
3065
3085
3103
3125
3145
3163
3183
3202
3218
3236
3255
3271
3287
3309
3327
3343
3364
3383
3400
3418
3436
3452
3467
3483
3496
3509
3523
3536
3547
3560
3572
3582
3593
3603
3612
3618
3624
3629
3633
3633
3634
3635
3633
3631
3629
3626
3621
3617
3612
3605
3599
3593
3584
3576
3570
3560
3552
3544
3534
3523
3513
3503
3489
3477
3466
3450
3435
3423
3406
3389
3375
3357
3336
3318
3300
3273
3250
3230
3200
3172
3148
3119
3090
3064
3037
3008
2982
2957
2928
2902
2879
2851
2825
2802
2777
2753
2732
2712
2693
2676
2660
2647
2636
2625
2616
2609
2602
2596
2591
2587
2585
2585
2585
2585
2590
2594
2597
2605
2612
2618
2627
2636
2645
2653
2665
2675
2684
2697
2709
2719
2733
2747
2759
2773
2789
2803
2817
2832
2846
2858
2873
2886
2898
2911
2924
2936
2950
2966
2980
2996
3018
3037
3054
3086
3113
3137
3174
3214
3248
3291
3345
3390
3436
3499
3553
3601
3660
3713
3758
3799
3836
3867
3894
3918
3938
3955
3965
3974
3982
3973
3965
3958
3942
3923
3906
3888
3865
3846
3828
3807
3789
3774
3758
3745
3733
3722
3713
3704
3696
3688
3681
3674
3664
3655
3648
3634
3621
3610
3594
3575
3558
3540
3514
3492
3471
3438
3408
3383
3346
3309
3276
3238
3196
3158
3121
3078
3039
3005
2966
2932
2901
2873
2848
2826
2806
2789
2775
2761
2751
2741
2733
2728
2723
2719
2719
2721
2723
2726
2731
2736
2739
2742
2744
2746
2742
2738
2734
2726
2716
2706
2696
2683
2671
2660
2646
2633
2622
2606
2590
2576
2558
2538
2520
2502
2483
2465
2449
2430
2414
2400
2384
2369
2355
2338
2320
2303
2285
2261
2240
2221
2196
2173
2154
2136
2120
2105
2095
2089
2082
2078
2078
2078
2077
2077
2076
2076
2075
2074
2074
2075
2079
2082
2086
2097
2106
2113
2127
2138
2148
2156
2163
2169
2172
2173
2173
2172
2166
2161
2157
2149
2142
2136
2128
2120
2114
2107
2102
2097
2093
2090
2088
2086
2088
2090
2092
2096
2100
2104
2109
2116
2121
2125
2132
2138
2142
2149
2154
2159
2163
2167
2170
2171
2168
2165
2162
2149
2138
2128
2112
2095
2081
2064
2046
2030
2015
1997
1982
1969
1955
1944
1934
1929
1926
1922
1924
1929
1933
1939
1949
1957
1964
1977
1988
1997
2012
2026
2039
2054
2071
2086
2099
2113
2125
2136
2143
2149
2154
2155
2155
2155
2154
2153
2152
2151
2150
2149
2147
2146
2145
2144
2142
2139
2137
2136
2135
2134
2134
2135
2136
2136
2139
2142
