2801
2802
2802
2801
2802
2802
2801
2802
2802
2802
2803
2803
2803
2804
2804
2804
2805
2805
2805
2806
2806
2807
2807
2807
2807
2808
2808
2808
2809
2809
2810
2810
2810
2810
2810
2810
2810
2809
2810
2809
2809
2810
2810
2810
2810
2810
2810
2810
2810
2810
2810
2810
2809
2809
2809
2809
2809
2809
2808
2808
2808
2808
2808
2808
2808
2807
2808
2807
2807
2807
2807
2806
2806
2805
2805
2804
2804
2803
2803
2802
2802
2803
2803
2803
2803
2804
2804
2804
2805
2805
2805
2805
2805
2805
2805
2805
2804
2805
2805
2805
2805
2805
2805
2805
2805
2805
2805
2805
2805
2805
2805
2805
2805
2805
2806
2806
2806
2806
2806
2807
2807
2807
2807
2807
2807
2807
2807
2807
2807
2807
2806
2806
2806
2806
2806
2806
2805
2806
2806
2806
2806
2806
2806
2806
2806
2806
2806
2806
2805
2805
2805
2805
2805
2805
2805
2804
2805
2804
2804
2804
2804
2803
2803
2803
2802
2802
2801
2800
2799
2799
2798
2798
2797
2797
2797
2796
2796
2796
2795
2795
2794
2794
2793
2793
2793
2793
2793
2793
2793
2793
2794
2794
2794
2795
2796
2796
2797
2797
2798
2799
2799
2799
2800
2800
2801
2801
2801
2802
2802
2802
2802
2801
2801
2801
2801
2801
2801
2801
2801
2800
2800
2801
2801
2801
2802
2802
2802
2804
2804
2804
2805
2805
2804
2805
2805
2805
2805
2805
2805
2805
2806
2806
2806
2806
2806
2807
2807
2807
2807
2808
2807
2807
2807
2806
2806
2806
2806
2805
2805
2805
2804
2804
2804
2804
2804
2803
2803
2803
2803
2803
2803
2803
2803
2803
2803
2803
2804
2804
2804
2804
2804
2804
2804
2804
2804
2804
2804
2804
2804
2804
2804
2803
2803
2803
2802
2802
2802
2801
2802
2801
2801
2802
2802
2802
2802
2802
2802
2802
2802
2802
2802
2802
2801
2801
2801
2801
2801
2800
2800
2800
2799
2799
2798
2798
2798
2797
2798
2798
2797
2798
2798
2798
2799
2799
2799
2800
2800
2801
2802
2802
2803
2804
2805
2805
2806
2806
2806
2806
2806
2806
2806
2806
2806
2806
2806
2807
2806
2806
2806
2806
2806
2805
2805
2805
2805
2805
2805
2805
2805
2805
2805
2805
2805
2805
2804
2805
2804
2804
2804
2804
2804
2804
2804
2804
2805
2805
2806
2806
2807
2807
2807
2808
2808
2808
2809
2809
2809
2809
2809
2809
2810
2810
2810
2810
2810
2811
2811
2811
2811
2811
2811
2811
2811
2811
2811
2811
2811
2811
2812
2812
2812
2812
2813
2813
2812
2813
2813
2813
2813
2813
2813
2813
2812
2812
2812
2811
2811
2811
2810
2810
2810
2810
2810
2810
2810
2810
2810
2810
2810
2809
2810
2809
2809
2810
2811
2811
2812
2813
2813
2814
2814
2815
2815
2815
2816
2816
2817
2817
2817
2817
2816
2816
2815
2815
2815
2815
2814
2814
2815
2815
2815
2815
2815
2814
2815
2815
2815
2815
2815
2814
2815
2814
2814
2814
2814
2814
2814
2814
2814
2815
2815
2815
2815
2814
2814
2814
2813
2813
2813
2812
2812
2811
2811
2810
2809
2809
2809
2809
2809
2809
2808
2809
2809
2809
2809
2809
2809
2809
2808
2808
2808
2807
2807
2807
2808
2808
2808
2808
2809
2809
2809
2809
2810
2810
2810
2810
2810
2810
2810
2810
2809
2808
2808
2807
2806
2806
2805
2805
2805
2805
2805
2806
2805
2805
2806
2805
2805
2805
2805
2805
2805
2805
2805
2805
2805
2805
2805
2805
2805
2804
2805
2804
2804
2804
2804
2804
2805
2805
2804
2805
2805
2805
2805
2805
2805
2805
2804
2804
2805
2805
2804
2804
2804
2804
2804
2803
2803
2803
2803
2802
2802
2802
2802
2801
2802
2802
2802
2802
2803
2803
2803
2803
2803
2804
2804
2805
2805
2806
2806
2807
2807
2807
2808
2808
2809
2809
2810
2810
2811
2812
2813
2813
2813
2813
2813
2814
2814
2813
2813
2813
2812
2812
2812
2811
2811
2810
2810
2809
2809
2809
2808
2808
2808
2808
2808
2808
2808
2807
2807
2807
2807
2807
2807
2807
2806
2806
2806
2806
2805
2805
2805
2804
2805
2805
2804
2805
2805
2804
2805
2805
2805
2806
2806
2806
2806
2806
2806
2806
2806
2806
2806
2805
2805
2805
2805
2804
2804
2804
2804
2804
2804
2804
2804
2804
2804
2804
2804
2803
2802
2802
2802
2802
2802
2802
2802
2802
2802
2802
2803
2803
2803
2803
2803
2803
2803
2803
2803
2802
2801
2800
2798
2796
2794
2791
2788
2785
2781
2778
2774
2770
2768
2765
2763
2765
2767
2769
2782
2794
2806
2831
2857
2880
2918
2960
2996
3043
3095
3140
3190
3245
3292
3340
3393
3438
3482
3533
2798
2798
2798
2799
2800
2800
2801
2801
2801
2801
2801
2800
2801
2801
2800
2800
2801
2801
2801
2801
2801
2800
2801
2801
