[PREW 543 count_idx:4, count_value:24003]
2798
2797
2797
2797
2797
2797
2797
2797
2797
2796
2797
2796
2795
2795
2794
2793
2793
2792
2791
2792
2793
2794
2800
2806
2812
2825
2841
2855
2873
2899
2922
2943
2975
3004
3029
3059
3088
3113
3138
3161
3182
3200
3215
3228
3239
3243
3247
3251
3245
3238
3233
3219
3202
3187
3169
3144
3123
3103
3077
3054
3033
3011
2989
2970
2951
2932
2915
2898
2880
2864
2849
2832
2817
2802
2785
2767
2752
2731
2709
2689
2666
2637
2612
2587
2550
2518
2489
2446
2405
2370
2328
2283
2245
2209
2170
2138
2110
2084
2062
2043
2029
2017
2007
2002
2000
1998
2000
2007
2013
2018
2033
2045
2056
2073
2089
2103
2118
2134
2147
2158
2167
2176
2182
2184
2185
2186
2181
2174
2170
2161
2150
2141
2131
2116
2104
2093
2077
2063
2052
2041
2031
2022
2016
2011
2007
2005
2004
2004
2003
2005
2007
2008
2011
2013
2015
2016
2015
2014
2012
2008
2003
1999
1992
1985
1979
1972
1965
1959
1953
1948
1943
1940
1940
1940
1940
1946
1951
1955
1965
1975
1983
1994
2006
2017
2027
2042
2053
2063
2078
2090
2100
2114
2126
2137
2147
2158
2167
2175
2181
2187
2191
2193
2194
2195
2195
2194
2193
2192
2189
2188
2186
2184
2182
2180
2179
2177
2176
2175
2175
2174
2175
2175
2176
2177
2178
2178
2179
2179
2179
2179
2179
2178
2177
2176
2174
2173
2171
2169
2166
2164
2160
2157
2154
2151
2149
2146
2145
2144
2144
2144
2147
2149
2151
2157
2161
2165
2172
2178
2184
2191
2199
2206
2212
2220
2226
2231
2236
2240
2244
2245
2246
2247
2246
2243
2241
2238
2232
2227
2223
2215
2208
2202
2196
2189
2184
2178
2173
2169
2164
2161
2158
2155
2152
2150
2148
2147
2145
2143
2142
2140
2138
2136
2133
2131
2128
2124
2120
2117
2111
2105
2100
2094
2086
2080
2073
2066
2059
2054
2047
2042
2036
2033
2029
2027
2026
2026
2026
2028
2033
2036
2039
2045
2050
2054
2059
2063
2066
2069
2072
2075
2076
2076
2076
2075
2071
2067
2064
2057
2050
2044
2036
2027
2019
2011
2001
1993
1986
1976
1968
1961
1953
1946
1940
1935
1931
1928
1925
1925
1924
1923
1926
1928
1929
1932
1935
1937
1939
1941
1942
1943
1943
1943
1943
1941
1940
1938
1935
1932
1929
1927
1924
1921
1919
1917
1915
1914
1916
1917
1917
1921
1925
1928
1932
1938
1942
1947
1953
1958
1962
1969
1974
1978
1984
1988
1991
1994
1995
1997
1997
1996
1996
1995
1992
1989
1986
1981
1976
1972
1966
1959
1953
1947
1941
1936
1931
1927
1923
1919
1915
1912
1909
1907
1906
1904
1903
1903
1903
1903
1905
1905
1906
1907
1908
1909
1910
1912
1913
1915
1917
1918
1919
1922
1924
1925
1928
1931
1933
1935
1937
1939
1941
1943
1945
1947
1951
1954
1957
1961
1965
1969
1973
1979
1983
1987
1993
1997
2001
2006
2010
2013
2017
2020
2022
2024
2025
2026
2027
2027
2027
2027
2027
2028
2027
2028
2029
2029
2029
2029
2029
2029
2031
2032
2033
2038
2043
2047
2058
2069
2078
2094
2114
2131
2151
2182
2208
2231
2273
2309
2341
2393
2446
2493
2564
2651
2728
2821
2956
3073
3177
3295
3397
3486
3564
2811
2810
2809
2809
2808
2808
2807
2807
2807
2806
2806
2806
2806
2806
2806
2805
2806
2806
2806
2806
2806
2807
2806
2806
2806
2805
2804
2804
2803
2803
2803
2802
2802
2802
2802
2802
2803
2803
2803
2803
2803
2803
2803
2804
2804
2804
2804
2804
2804
2805
2805
2805
2805
2805
2805
2805
2806
2806
2806
2806
2806
2806
2806
2806
2805
2805
2805
2805
2805
2805
2805
2805
2805
2805
2805
2805
2805
2805
2805
2805
2805
2806
2807
2808
2809
2809
2810
2810
2811
2811
2811
2812
2812
2812
2812
2812
2813
2813
2813
2813
2813
2813
2813
2813
2814
2814
2814
2814
2815
2814
2815
2814
2814
2814
2814
2814
2814
2814
2814
2814
2813
2813
2813
2813
2813
2813
2813
2813
2813
2813
2812
2811
2811
2810
2810
2810
2809
2809
2809
2808
2808
2808
2808
2808
2808
2807
2808
2808
2808
2808
2808
2808
2808
2808
2809
2808
2809
2809
2809
2810
2810
2811
2811
2812
2813
2813
2814
2814
2814
2815
2815
2815
2815
2815
2815
2814
2813
2813
2813
2812
2812
2811
2811
2810
2809
2809
2809
2808
2808
2807
2806
2805
2805
2804
2803
2802
2802
2801
2801
2800
2799
2798
2798
2797
2797
2796
2795
2795
2795
2795
2794
2794
2794
2794
2794
2795
2795
2796
2796
2797
2797
2797
2797
2798
2798
2797
2798
2798
2798
2798
2798
2798
2798
2798
2798
2797
2797
2797
2797
2797
2797
2797
2798
2798
2799
2799
2799
2799
2799
2799
2799
2799
2799
2799
2798
2798
2798
[POSTW]
3633
3692
3741
3785
3824
3858
3888
3914
3936
3953
3971
3986
3998
4008
4018
4027
4033
4040
4048
4053
4055
4059
4063
4064
4068
4069
4071
4072
4074
4075
4077
4077
4078
4080
4080
4081
4081
4082
4082
4082
4083
4083
4084
4084
4084
4084
4084
4085
4085
4085
4086
4086
4086
4086
4086
4086
4086
4086
4086
4086
4086
4086
4086
4086
4086
4087
4087
4087
4087
4087
4087
4087
4087
4087
4087
4087
4087
4087
4087
4086
4087
4087
4087
4087
4087
4087
4087
4087
4087
4087
4087
4087
4087
4087
4087
4087
4087
4087
4087
4087
4086
4087
4086
4086
4086
4087
4087
4087
4087
4086
4086
4085
4083
4073
4065
4058
4042
4028
4015
3997
3976
3958
3938
3915
3894
3876
3858
3841
3827
3815
3803
3794
3784
3775
3767
3757
3743
3732
3720
3698
3679
3664
3636
3609
3586
3558
3529
3503
3476
3445
3418
3393
3359
3330
3304
3271
3240
3213
3183
3154
3128
3103
3079
3057
3037
3022
3009
2997
2992
2988
2985
2987
2993
2998
3005
3015
3025
3034
3049
3062
3075
3091
3106
3119
3133
3145
3157
3165
3171
3176
3180
3180
3180
3180
3176
3173
3170
3165
3159
3154
3148
3142
3137
3132
3126
3121
3116
3108
3101
3094
3085
3075
3065
3056
3045
3035
3026
3016
3006
2998
2984
2971
2960
2943
2924
2908
2888
2863
2841
2818
2784
2753
2725
2683
2643
2608
2564
2519
2479
2439
2394
2356
2321
2281
2247
2217
2185
2156
2131
2108
2086
2068
2053
2041
2031
2022
2020
2018
2016
2020
2023
2026
2034
2043
2052
2061
2074
2085
2094
2105
2114
2122
2129
2135
2140
2145
2150
2154
2158
2162
2166
2170
2174
2177
2180
2181
2183
2183
2184
2185
2185
2186
2188
2190
2191
2193
2195
2196
2194
2192
2190
2184
2175
2168
2158
2143
2131
2119
2098
2081
2065
2041
2018
1999
1974
1948
1927
1904
1877
1854
1834
1808
1785
1765
1740
1716
1697
1675
1652
1634
1616
1599
1585
1572
1561
1551
1542
1538
1533
1528
1528
1530
1532
1535
1544
1550
1556
1567
1576
1584
1599
1613
1624
1641
1660
1675
1692
1713
1730
1745
1764
1779
1792
1808
1822
1833
1847
1860
1871
1882
1894
1903
1910
1917
1922
1925
1929
1931
1932
1933
1934
1934
1933
1932
1930
1929
1923
1918
1914
1906
1898
1892
1884
1877
1872
1866
1859
1853
1848
1838
1829
1822
1812
1803
1795
1787
1779
1773
1767
1761
1756
1752
1749
1746
1743
1742
1741
1740
1741
1743
1745
1748
1755
1760
1765
1776
1785
1792
1808
1823
1834
1852
1870
1886
1903
1925
1943
1959
1982
2001
2017
2038
2057
2073
2091
2108
2124
2138
2152
2165
2175
2187
2197
2205
2215
2225
2233
2241
2249
2256
2262
2267
2271
2274
2276
2278
2280
2283
2287
2290
2295
2301
2306
2311
2318
2324
2329
2335
2340
2345
2350
2355
2359
2364
2369
2373
2377
2382
2386
2389
2393
2396
2398
2400
2402
2403
2404
2405
2406
2407
2409
2411
2412
2415
2417
2419
2422
2425
2427
2430
2433
2435
2437
2440
2441
2442
2441
2440
2439
2436
2432
2429
2423
2417
2412
2405
2395
2386
2377
2363
2351
2340
2324
2310
2297
2282
2266
2253
2239
2222
2208
2195
2179
2165
2153
2140
2129
2118
2109
2099
2091
2083
2075
2068
2061
2054
2048
2042
2037
2031
2027
2023
2020
2017
2014
2011
2008
2005
2002
1999
1996
1994
1992
1990
1989
1988
1988
1988
1989
1989
1989
1991
1993
1993
1996
1998
2000
2002
2005
2006
2008
2010
2011
2012
2012
2012
2012
2011
2009
2008
2005
2002
1998
1995
1990
1987
1983
1979
1975
1972
1967
1963
1959
1954
1949
1945
1940
1936
1932
1929
1925
1921
1917
1914
1910
1908
1905
1901
1899
1896
1893
1890
1888
1885
1882
1880
1876
1873
1870
1866
1861
1858
1855
1851
1848
1846
1844
1842
1841
1840
1840
1839
1838
1839
1838
1839
1841
1843
1844
1848
1851
1854
1857
1861
1863
1867
1871
1875
1882
1896
1908
1919
1950
1975
1996
2030
2061
2088
2121
2156
2186
2218
2256
2290
2321
2361
2396
2427
2468
2507
2542
2585
2630
2671
2715
2766
2811
2853
2905
2950
2991
3039
3084
3123
3168
3214
3253
3294
3341
3381
3418
3465
3505
3540
3587
3630
3667
3712
3757
3796
3831
3864
3892
3915
3937
3956
3972
3987
3999
4010
4020
4028
4035
4041
4047
4052
4056
4060
4063
4065
4068
4069
4070
4071
4071
4071
4068
4063
4058
4053
4043
4033
4025
4008
3993
3979
3959
3938
3920
3899
3875
3854
3833
3807
3784
3765
3735
3708
3685
3654
3622
3594
3563
3526
3494
3464
3424
3390
3360
3322
3287
3256
3221
3187
3156
3126
3093
3064
3036
3006
2979
2955
2927
2902
2879
2855
2832
2810
2789
2768
2748
2730
2710
2692
2676
2660
2646
2632
2620
2609
2599
2589
2579
2570
2562
2553
2545
2539
2533
2527
2522
2519
2517
2516
2514
2515
2515
2515
2516
2517
2519
2520
2522
2524
2526
2528
2530
2531
2532
2533
2534
2534
2534
2534
2532
2530
2528
2525
2522
2519
2515
2510
2506
2502
2496
2491
2487
2482
2477
2473
2468
2463
2458
2454
2450
2446
2442
2439
2436
2434
2431
2428
2426
2423
2420
2418
2415
2412
2410
2407
2404
2402
2400
2397
2395
2393
2391
2388
2387
2385
2385
2384
2383
2385
2386
2387
2390
2394
2396
2400
2405
2409
2413
2419
2425
2429
2436
2441
2446
2452
2457
2462
2467
2473
2477
2481
2485
2489
2491
2494
2496
2498
2499
2500
2501
2501
2501
2501
2500
2500
2499
2498
2497
2496
2494
2493
2492
2491
2491
2492
2492
2493
2494
2496
2497
2501
2504
2506
2510
2513
2516
2518
2521
2524
2527
2530
2532
2535
2538
2541
2544
2548
2551
2554
2557
2561
2565
2569
2573
2578
2582
2588
2593
2597
2603
2608
2613
2620
2627
2633
2639
2647
2654
2661
2668
2674
2680
2687
2693
2698
2704
2710
2715
2720
2725
2729
2733
2737
2740
2744
2747
2750
2752
2755
2757
2760
2762
2764
2766
2769
2772
2776
2779
2786
2792
2798
2806
2816
2824
2834
2846
2857
2868
2883
2897
2909
2927
2944
2959
2977
2996
3013
3031
3051
3069
3087
3109
3128
3145
3167
3187
3205
3227
3248
3266
3286
3309
3329
3349
3374
3396
3416
3441
3465
3485
3509
3533
3555
3577
3602
3624
3644
3669
3691
3709
3734
3756
3775
3796
3818
3835
3855
3875
3892
3908
3926
3941
3954
3969
3982
3993
4004
4014
4021
4029
4036
4042
4047
4051
4055
4058
4061
4063
4064
4062
4058
4054
4049
4041
4034
4027
4018
4009
4002
3992
3984
3977
3973
3970
3968
3969
3972
3975
3978
3984
3988
3992
4000
4008
4014
4022
4030
4036
4042
4048
4053
4057
4060
4064
4067
4069
4072
4074
4075
4077
4078
4079
4080
4081
4082
4082
4083
4083
4083
4084
4085
4085
4085
4085
4085
4085
4085
4086
4086
4086
4086
4086
4086
4086
4086
4087
4087
4087
4087
4087
4087
4087
4087
4087
4087
4087
4087
4087
4087
4087
4087
4087
4087
4087
4087
4087
4087
4087
4087
4087
4087
4087
4086
4083
4076
4070
4062
4042
4026
4012
3982
3956
3934
3901
3866
3836
3800
3758
3721
3684
3635
3592
3555
3503
3456
3415
3366
3318
3275
3230
3182
3139
3099
3052
3011
2973
2928
2886
2849
2806
2765
2728
2690
2651
2617
2584
2550
2521
2494
2468
2444
2423
2403
2384
2368
2353
2338
2325
2312
2298
2286
2275
2262
2251
2242
2232
2222
2215
2208
2202
2196
2194
2195
2194
2190
2191
2193
2194
2193
2190
2186
2177
2165
2165
2168
2173
2178
2181
2185
2188
2190
2192
2194
2195
2194
2193
2192
2190
2186
2182
2179
2172
2166
2161
2155
2148
2142
2137
2133
2128
2125
2124
2123
2122
2124
2126
2128
2132
2137
2141
2147
2155
2161
2168
2177
2184
2190
2197
2204
2210
2217
2224
2229
2236
2242
2248
2253
2259
2264
2268
2275
2280
2285
2292
2299
2306
2313
2322
2330
2338
2351
2361
2370
2385
2399
2411
2426
2442
2455
2469
2485
2498
2511
2525
2537
2548
2559
2570
2580
2588
2596
2602
2608
2613
2617
2619
2621
2622
2623
2622
2620
2619
2616
2612
2609
2604
2598
2593
2587
2579
2571
2565
2554
2544
2535
2524
2513
2503
2491
2478
2467
2455
2440
2425
2413
2394
2376
2361
2341
2321
2303
2284
2263
2245
2228
2208
2192
2177
2161
2146
2134
2122
2112
2103
2095
2088
2082
2077
2075
2072
2070
2072
2072
2073
2075
2077
2079
2081
2082
2084
2085
2085
2085
2085
2085
2084
2083
2082
2080
2079
2077
2075
2072
2070
2067
2064
2061
2059
2057
2056
2054
2053
2051
2050
2048
2045
2043
2039
2036
2033
2028
2024
2020
2015
2010
2005
1999
1991
1984
1977
1965
1956
1948
1935
1924
1915
1904
1894
1886
1877
1869
1861
1855
1849
1843
1838
1835
1832
1829
1828
1827
1826
1826
1827
1828
1828
1830
1831
1832
1835
1838
1839
1841
1843
1844
1844
1843
1842
1841
1839
1837
1836
1833
1831
1829
1825
1821
1817
1814
1812
1810
1809
1815
1820
1823
1844
1863
1878
1914
1953
1985
2030
2087
2135
2183
2245
2298
2346
2410
2468
2521
2581
2641
2694
2747
2801
2849
2891
2930
2965
2996
3018
3037
3054
3064
3073
3080
3084
3087
3089
3090
3089
3088
3087
3086
3085
3085
3085
3085
3086
3087
3090
3092
3094
3100
3104
3108
3113
3117
3121
3121
3121
3121
3116
3107
3099
3090
3071
3054
3040
3012
2987
2964
2933
2901
2873
2842
2807
2777
2747
2714
2683
2657
2628
2602
2579
2559
2541
2526
2515
2508
2503
2498
2498
2498
2497
2499
2501
2503
2506
2510
2514
2519
2526
2532
2537
2544
2550
2555
2562
2567
2571
2577
2582
2587
2591
2596
2600
2603
2607
2610
2612
2616
2620
2623
2629
2636
2642
2649
2656
2663
2669
2675
2680
2685
2690
2693
2697
2699
2700
2702
2702
2701
2700
2698
2695
2692
2690
2685
2682
2679
2675
2670
2667
2663
2660
2656
2654
2654
2654
2653
2658
2661
2665
2673
2682
2690
2700
2712
2724
2735
2750
2764
2776
2791
2805
2818
2832
2845
2857
2869
2881
2893
2903
2914
2925
2934
2946
2956
2965
2976
2987
2996
3006
3018
3028
3038
3051
3063
3073
3088
3101
3113
3127
3142
3155
3170
3186
3200
3213
3229
3243
3255
3269
3282
3293
3305
3317
3327
3337
3347
3356
3364
3373
3381
3387
3395
3402
3409
3416
3423
3429
3436
3443
3450
3457
3467
3476
3484
3496
3506
3515
3526
3536
3545
3554
3563
3570
3577
3583
3588
3593
3595
3597
3599
3597
3594
3592
3587
3580
3574
3567
3556
3547
3538
3524
3512
3501
3486
3472
3459
3444
3427
3413
3399
3381
3365
3351
3334
3317
3303
3286
3269
3254
3237
