2798
2797
2797
2797
2797
2797
2797
2797
2797
2796
2797
2796
2795
2795
2794
2793
2793
2792
2791
2792
2793
2794
2800
2806
2812
2825
2841
2855
2873
2899
2922
2943
2975
3004
3029
3059
3088
3113
3138
3161
3182
3200
3215
3228
3239
3243
3247
3251
3245
3238
3233
3219
3202
3187
3169
3144
3123
3103
3077
3054
3033
3011
2989
2970
2951
2932
2915
2898
2880
2864
2849
2832
2817
2802
2785
2767
2752
2731
2709
2689
2666
2637
2612
2587
2550
2518
2489
2446
2405
2370
2328
2283
2245
2209
2170
2138
2110
2084
2062
2043
2029
2017
2007
2002
2000
1998
2000
2007
2013
2018
2033
2045
2056
2073
2089
2103
2118
2134
2147
2158
2167
2176
2182
2184
2185
2186
2181
2174
2170
2161
2150
2141
2131
2116
2104
2093
2077
2063
2052
2041
2031
2022
2016
2011
2007
2005
2004
2004
2003
2005
2007
2008
2011
2013
2015
2016
2015
2014
2012
2008
2003
1999
1992
1985
1979
1972
1965
1959
1953
1948
1943
1940
1940
1940
1940
1946
1951
1955
1965
1975
1983
1994
2006
2017
2027
2042
2053
2063
2078
2090
2100
2114
2126
2137
2147
2158
2167
2175
2181
2187
2191
2193
2194
2195
2195
2194
2193
2192
2189
2188
2186
2184
2182
2180
2179
2177
2176
2175
2175
2174
2175
2175
2176
2177
2178
2178
2179
2179
2179
2179
2179
2178
2177
2176
2174
2173
2171
2169
2166
2164
2160
2157
2154
2151
2149
2146
2145
2144
2144
2144
2147
2149
2151
2157
2161
2165
2172
2178
2184
2191
2199
2206
2212
2220
2226
2231
2236
2240
2244
2245
2246
2247
2246
2243
2241
2238
2232
2227
2223
2215
2208
2202
2196
2189
2184
2178
2173
2169
2164
2161
2158
2155
2152
2150
2148
2147
2145
2143
2142
2140
2138
2136
2133
2131
2128
2124
2120
2117
2111
2105
2100
2094
2086
2080
2073
2066
2059
2054
2047
2042
2036
2033
2029
2027
2026
2026
2026
2028
2033
2036
2039
2045
2050
2054
2059
2063
2066
2069
2072
2075
2076
2076
2076
2075
2071
2067
2064
2057
2050
2044
2036
2027
2019
2011
2001
1993
1986
1976
1968
1961
1953
1946
1940
1935
1931
1928
1925
1925
1924
1923
1926
1928
1929
1932
1935
1937
1939
1941
1942
1943
1943
1943
1943
1941
1940
1938
1935
1932
1929
1927
1924
1921
1919
1917
1915
1914
1916
1917
1917
1921
1925
1928
1932
1938
1942
1947
1953
1958
1962
1969
1974
1978
1984
1988
1991
1994
1995
1997
1997
1996
1996
1995
1992
1989
1986
1981
1976
1972
1966
1959
1953
1947
1941
1936
1931
1927
1923
1919
1915
1912
1909
1907
1906
1904
1903
1903
1903
1903
1905
1905
1906
1907
1908
1909
1910
1912
1913
1915
1917
1918
1919
1922
1924
1925
1928
1931
1933
1935
1937
1939
1941
1943
1945
1947
1951
1954
1957
1961
1965
1969
1973
1979
1983
1987
1993
1997
2001
2006
2010
2013
2017
2020
2022
2024
2025
2026
2027
2027
2027
2027
2027
2028
2027
2028
2029
2029
2029
2029
2029
2029
2031
2032
2033
2038
2043
2047
2058
2069
2078
2094
2114
2131
2151
2182
2208
2231
2273
2309
2341
2393
2446
2493
2564
2651
2728
2821
2956
3073
3177
3295
3397
3486
3564
2811
2810
2809
2809
2808
2808
2807
2807
2807
2806
2806
2806
2806
2806
2806
2805
2806
2806
2806
2806
2806
2807
2806
2806
2806
2805
2804
2804
2803
2803
2803
2802
2802
2802
2802
2802
2803
2803
2803
2803
2803
2803
2803
2804
2804
2804
2804
2804
2804
2805
2805
2805
2805
2805
2805
2805
2806
2806
2806
2806
2806
2806
2806
2806
2805
2805
2805
2805
2805
2805
2805
2805
2805
2805
2805
2805
2805
2805
2805
2805
2805
2806
2807
2808
2809
2809
2810
2810
2811
2811
2811
2812
2812
2812
2812
2812
2813
2813
2813
2813
2813
2813
2813
2813
2814
2814
2814
2814
2815
2814
2815
2814
2814
2814
2814
2814
2814
2814
2814
2814
2813
2813
2813
2813
2813
2813
2813
2813
2813
2813
2812
2811
2811
2810
2810
2810
2809
2809
2809
2808
2808
2808
2808
2808
2808
2807
2808
2808
2808
2808
2808
2808
2808
2808
2809
2808
2809
2809
2809
2810
2810
2811
2811
2812
2813
2813
2814
2814
2814
2815
2815
2815
2815
2815
2815
2814
2813
2813
2813
2812
2812
2811
2811
2810
2809
2809
2809
2808
2808
2807
2806
2805
2805
2804
2803
2802
2802
2801
2801
2800
2799
2798
2798
2797
2797
2796
2795
2795
2795
2795
2794
2794
2794
2794
2794
2795
2795
2796
2796
2797
2797
2797
2797
2798
2798
2797
2798
2798
2798
2798
2798
2798
2798
2798
2798
2797
2797
2797
2797
2797
2797
2797
2798
2798
2799
2799
2799
2799
2799
2799
2799
2799
2799
2799
2798
2798
2798
