3597
3663
3716
3765
3805
3844
3873
3900
3925
3945
3964
3979
3992
4008
4016
4024
4033
4039
4045
4050
4054
4058
4063
4065
4068
4072
4072
4074
4075
4077
4078
4081
4082
4081
4082
4082
4083
4083
4083
4084
4084
4085
4085
4085
4085
4085
4085
4085
4085
4086
4086
4086
4086
4086
4086
4086
4086
4086
4086
4086
4088
4086
4086
4087
4087
4087
4088
4087
4088
4089
4090
4091
4094
4084
4084
4084
4085
4085
4085
4086
4085
4086
4086
4086
4086
4086
4086
4086
4086
4087
4087
4087
4087
4087
4087
4087
4087
4087
4087
4087
4087
4087
4087
4087
4087
4085
4083
4057
4003
3956
3896
3806
3728
3651
3562
3483
3411
3342
3281
3227
3187
3151
3119
3110
3101
3094
3108
3122
3135
3159
3182
3203
3221
3232
3243
3245
3243
3241
3228
3210
3193
3167
3131
3100
3060
3009
2963
2911
2841
2777
2717
2652
2595
2544
2502
2465
2432
2409
2389
2371
2366
2361
2357
2365
2373
2380
2397
2414
2429
2445
2461
2474
2482
2486
2490
2485
2474
2464
2447
2421
2399
2369
2328
2292
2250
2186
2133
2079
2003
1941
1886
1825
1774
1733
1703
1677
1654
1655
1656
1655
1678
1698
1714
1749
1781
1808
1849
1888
1922
1960
1997
2028
2061
2092
2119
2146
2174
2199
2222
2246
2267
2284
2298
2310
2318
2318
2318
2317
2316
2314
2313
2323
2331
2338
2356
2372
2389
2422
2457
2483
2505
2516
2518
2522
2528
2534
2506
2498
2502
2497
2486
2476
2452
2416
2385
2341
2278
2225
2163
2079
2009
1941
1851
1777
1711
1633
1569
1515
1459
1413
1375
1347
1324
1304
1313
1320
1325
1365
1402
1432
1489
1543
1588
1649
1710
1761
1818
1875
1923
1972
2020
2061
2100
2139
2171
2202
2233
2259
2283
2307
2328
2347
2365
2380
2393
2407
2418
2428
2441
2451
2461
2473
2485
2495
2507
2518
2528
2534
2539
2543
2540
2535
2529
2516
2498
2482
2457
2424
2395
2358
2309
2267
2221
2159
2107
2058
1999
1951
1909
1866
1831
1801
1779
1759
1743
1740
1736
1732
1746
1758
1768
1794
1818
1839
1871
1901
1927
1961
1994
2021
2054
2086
2113
2142
2170
2195
2218
2240
2259
2277
2292
2306
2317
2329
2338
2346
2354
2360
2365
2365
2365
2365
2358
2351
2346
2336
2326
2318
2307
2297
2288
2277
2265
2255
2240
2222
2207
2188
2165
2147
2127
2104
2085
2064
2039
2019
1996
1967
1943
1919
1888
1862
1840
1817
1797
1780
1768
1757
1748
1744
1740
1737
1744
1749
1753
1768
1782
1793
1813
1833
1848
1870
1891
1909
1931
1953
1972
1992
2013
2030
2046
2061
2073
2083
2091
2098
2102
2106
2109
2111
2113
2114
2114
2117
2118
2119
2121
2123
2124
2127
2128
2130
2134
2137
2140
2144
2147
2150
2152
2152
2152
2149
2144
2139
2134
2127
2121
2115
2106
2099
2090
2078
2067
2056
2040
2026
2014
1998
1984
1972
1958
1946
1935
1925
1914
1905
1896
1886
1878
1870
1862
1856
1850
1845
1840
1838
1835
1833
1831
1829
1827
1826
1824
1822
1822
1821
1821
1821
1824
1825
1827
1832
1835
1838
1847
1853
1859
1870
1878
1886
1900
1911
1920
1935
1947
1957
1972
1985
1995
2008
2019
2029
2039
2048
2056
2062
2068
2072
2075
2075
2076
2075
2072
2069
2066
2062
2058
2054
2049
2044
2039
2035
2030
2026
2022
2018
2014
2012
2009
2007
2006
2005
2004
2005
2005
2005
2007
2010
2011
2013
2015
2017
2019
2020
2021
2022
2022
2023
2022
2021
2019
2018
2016
2014
2012
2009
2007
2004
2000
1996
1992
1990
1987
1984
1984
1983
1982
1986
1988
1990
1997
2002
2007
2015
2023
2029
2038
2048
2055
2064
2073
2081
2089
2098
2106
2113
2120
2126
2131
2137
2142
2145
2150
2154
2157
2161
2165
2167
2173
2178
2181
2189
2195
2199
2207
2213
2219
2226
2233
2238
2245
2250
2255
2260
2264
2268
2269
2270
2270
2267
2263
2258
2253
2245
2237
2230
2219
2210
2201
2191
2181
2172
2162
2153
2145
2137
2129
2122
2117
2112
2106
2103
2099
2095
2092
2088
2085
2083
2081
2078
2077
2075
2074
2073
2072
2071
2070
2069
2067
2066
2064
2062
2061
2060
2058
2058
2059
2059
2059
2063
2066
2068
2074
2079
2082
2089
2094
2098
2102
2105
2108
2110
2111
2112
2112
2112
2112
2111
2109
2107
2105
2102
2099
2096
2092
2088
2085
2081
2078
2075
2073
2071
2070
2070
2069
2068
2070
2070
2071
2074
2076
2077
2080
2081
2083
2084
2085
2085
2084
2082
2080
2076
2070
2066
2060
2052
2045
2037
2028
2021
2014
2006
1999
1993
1987
1982
1978
1974
1971
1968
1966
1965
1963
1963
1963
1963
1967
1970
1972
1976
1979
1981
1984
1987
1988
1989
1988
1987
1986
1984
1983
1982
1980
1979
1978
1976
1974
1973
1972
1971
1971
1971
1971
1971
1973
1973
1974
1977
1979
1980
1984
1986
1988
1993
1996
1999
2004
2007
2010
2014
2018
2021
2024
2026
2027
2029
2029
2030
2030
2029
2028
2028
2027
2026
2025
2024
2022
2022
2021
2021
2021
2021
2021
2022
2022
2022
2021
2021
2019
2018
2016
2014
2012
2010
2008
2006
2004
2001
1999
1996
1992
1988
1984
1978
1973
1968
1962
1957
1953
1948
1943
1940
1937
1934
1932
1933
1933
1934
1938
1941
1944
1952
1957
1962
1971
1978
1983
1993
1999
2005
2013
2020
2026
2033
2039
2045
2051
2056
2060
2066
2071
2075
2080
2084
2088
2092
2096
2099
2102
2106
2109
2112
2115
2117
2119
2122
2124
2125
2128
2130
2131
2133
2133
2133
2133
2132
2131
2130
2128
2125
2124
2121
2119
2116
2113
2110
2106
2102
2098
2094
2090
2086
2082
2078
2075
2072
2069
2066
2063
2061
2058
2056
2054
2052
2050
2049
2047
2046
2046
2045
2045
2046
2047
2047
2050
2051
2052
2055
2058
2059
2064
2067
2070
2074
2079
2082
2087
2093
2097
2103
2110
2116
2122
2128
2133
2137
2141
2144
2146
2149
2150
2151
2152
2152
2152
2151
2150
2149
2146
2143
2140
2137
2133
2130
2126
2120
2116
2112
2106
2102
2098
2093
2089
2085
2080
2077
2074
2070
2067
2064
2061
2058
2055
2052
2049
2045
2042
2038
2035
2034
2031
2029
2029
2028
2027
2027
2026
2025
2027
2027
2028
2031
2033
2034
2038
2041
2043
2046
2050
2052
2055
2058
2061
2064
2069
2072
2076
2080
2084
2087
2092
2096
2098
2101
2103
2105
2106
2107
2107
2107
2106
2105
2102
2100
2097
2093
2089
2085
2081
2076
2071
2066
2060
2055
2050
2043
2038
2034
2029
2024
2021
2017
2013
2011
2009
2007
2006
2006
2006
2006
2008
2009
2009
2011
2012
2013
2015
2017
2017
2019
2020
2021
2023
2023
2024
2026
2027
2027
2029
2030
2031
2031
2031
2031
2032
2032
2032
2032
2033
2033
2034
2035
2037
2038
2041
2042
2044
2048
2050
2052
2056
2058
2060
2063
2065
2066
2067
2068
2068
2069
2068
2068
2068
2066
2065
2064
2062
2061
2059
2057
2055
2052
2049
2046
2043
2039
2036
2033
2030
2026
2024
2021
2019
2017
2017
2016
2015
2017
2017
2017
2019
2020
2020
2022
2023
2024
2026
2027
2028
2030
2031
2032
2033
2034
2035
2037
2039
2040
2042
2044
2045
2047
2049
2051
2052
2054
2056
2057
2059
2060
2061
2062
2063
2063
2066
2067
2067
2069
2071
2071
2074
2076
2077
2072
2065
2060
2084
2115
2141
2210
2294
2372
2509
2691
2852
3001
3143
3265
3370
3466
3545
3618
3678
3733
3777
3817
3854
3882
3908
3932
3952
3969
3985
3997
4010
4018
4028
4035
4042
4046
4052
4056
4058
4063
4065
4067
4070
4073
4074
4077
4077
4079
4079
4080
4082
4081
4082
4082
4082
4083
4083
4084
4084
4085
4085
4085
4085
4087
4085
4085
4082
4043
4007
3977
3933
3893
3859
3828
3802
3779
3762
3748
3736
3717
3695
3675
3643
3602
3566
3527
3482
3442
3406
3372
3342
3319
3306
3293
3280
3263
3247
3229
3185
3147
3112
3058
3009
2966
2925
2888
2855
2831
2809
2789
2760
2730
2703
2659
2611
2569
2527
2487
2453
2429
2414
2401
2392
2387
2382
2378
2373
2370
2369
2377
2383
2392
2413
2431
2448
2472
2493
2512
2526
2538
2548
2546
2543
2541
2527
2512
2499
2483
2466
2451
2433
2414
2398
2376
2351
2330
2307
2282
2260
2241
2223
2207
2193
2181
2169
2161
2158
2155
2155
2162
2167
2172
2182
2190
2196
2194
2191
2188
2165
2143
2125
2085
2047
2015
1967
1921
1882
1840
1800
1768
1737
1708
1684
1665
1648
1634
1627
1627
1627
1638
1668
1690
1721
1776
1821
1865
1926
1976
2020
2070
2112
2148
2186
2219
2248
2280
2308
2332
2354
2373
2389
2389
2384
2380
2355
2322
2295
2259
2219
2185
2156
2130
2108
2091
2078
2066
2055
2041
2030
2019
2006
1995
1989
1994
1997
2002
2024
2042
2057
2078
2095
2109
2118
2125
2130
2132
2131
2131
2125
2117
2110
2095
2077
2062
2045
2026
2010
2000
1992
1986
1983
1984
1984
1987
1994
1999
2008
2027
2043
2060
2089
2113
2135
2163
2187
2208
2229
2246
2262
2279
2293
2305
2317
2327
2336
2338
2337
2337
2325
2309
2295
2273
2248
2226
2206
2188
2172
2162
2158
2153
2153
2158
2162
2167
2178
2187
2196
2214
2229
2243
2267
2287
2305
2328
2348
2365
2384
2401
2416
2430
2442
2453
2461
2469
2475
2478
2479
2480
2479
2476
2474
2473
2472
2471
2472
2474
2475
2476
2477
2478
2479
2481
2482
2484
2490
2495
2500
2509
2516
2522
2527
2531
2535
2531
2527
2524
2513
2502
2492
2478
2463
2450
2435
2419
2406
2389
2370
2354
2335
2314
2296
2281
2267
2256
2248
2247
2246
2246
2251
2255
2258
2261
2264
2266
2270
2273
2275
2279
2283
2286
2287
2287
2286
2279
2271
2263
2251
2238
2227
2214
2201
2189
2180
2171
2163
2159
2157
2155
2155
2159
2162
2167
2177
2185
2194
2208
2219
2230
2247
2260
2272
2288
2300
2311
2323
2334
2343
2351
2357
2363
2365
2364
2364
2359
2352
2346
2337
2327
2318
2305
2290
2277
2259
2236
2217
2194
2165
2142
2118
2091
2068
2046
2021
2000
1981
1954
1932
1912
1884
1860
1840
1815
1793
1774
1757
1741
1728
1718
1709
1701
1698
1696
1693
1698
1703
1708
1720
1736
1749
1771
1800
1824
1855
1897
1932
1970
2021
2064
2105
2155
2199
2238
2282
2320
2354
2392
2426
2456
2493
2525
2554
2589
2620
2648
2677
2704
2727
2747
2762
2777
2788
2796
2804
2811
2817
2822
2826
2831
2834
2836
2837
2838
2837
2835
2832
2829
2824
2818
2812
2804
2796
2789
2779
2770
2762
2750
2740
2730
2719
2707
2697
2687
2677
2669
2661
2655
2649
2645
2642
2640
2640
2641
2642
2646
2651
2656
