2801
2802
2801
2801
2801
2802
2802
2801
2801
2801
2802
2802
2802
2802
2803
2803
2803
2804
2804
2804
2804
2804
2803
2802
2802
2801
2800
2800
2800
2799
2800
2802
2805
2807
2812
2818
2823
2830
2839
2847
2855
2866
2875
2884
2894
2903
2911
2918
2925
2932
2937
2942
2946
2950
2954
2956
2959
2960
2962
2964
2965
2966
2966
2966
2966
2967
2967
2967
2971
2973
2976
2981
2987
2992
2998
3005
3012
3017
3024
3029
3033
3035
3036
3038
3037
3035
3033
3032
3029
3025
3021
3017
3013
3009
3004
2999
2994
2991
2988
2985
2982
2982
2984
2985
2985
2990
2994
2998
3002
3006
3010
3013
3016
3017
3019
3017
3015
3016
3011
3005
2998
2991
2979
2968
2958
2941
2924
2908
2891
2873
2858
2843
2826
2811
2797
2784
2771
2759
2748
2738
2729
2720
2713
2706
2699
2695
2690
2685
2681
2678
2675
2671
2667
2663
2660
2654
2648
2643
2637
2630
2624
2617
2612
2606
2601
2597
2593
2589
2585
2583
2580
2577
2575
2573
2572
2571
2571
2571
2571
2574
2575
2576
2579
2581
2583
2584
2585
2586
2587
2587
2587
2587
2588
2588
2589
2589
2591
2593
2594
2597
2599
2601
2603
2605
2607
2609
2611
2613
2614
2616
2617
2618
2619
2618
2618
2616
2613
2609
2606
2598
2590
2583
2574
2563
2553
2543
2531
2520
2510
2500
2489
2480
2471
2462
2454
2446
2441
2435
2429
2425
2422
2419
2417
2416
2414
2413
2412
2411
2410
2407
2403
2399
2395
2388
2381
2375
2366
2357
2349
2340
2330
2320
2311
2299
2288
2279
2269
2258
2249
2240
2232
2225
2218
2212
2207
2202
2198
2194
2191
2187
2184
2181
2178
2175
2171
2169
2165
2161
2158
2155
2151
2146
2142
2138
2133
2129
2125
2121
2117
2114
2113
2111
2109
2110
2110
2110
2110
2111
2111
2111
2113
2114
2115
2116
2117
2117
2117
2117
2117
2116
2115
2113
2112
2109
2106
2103
2101
2098
2095
2092
2091
2089
2088
2087
2088
2089
2089
2092
2094
2095
2099
2101
2104
2106
2110
2113
2115
2119
2122
2124
2127
2128
2130
2131
2132
2132
2132
2131
2131
2130
2129
2127
2126
2125
2126
2125
2125
2127
2128
2129
2130
2134
2136
2138
2142
2146
2148
2153
2157
2161
2164
2168
2171
2173
2177
2178
2180
2181
2182
2182
2182
2181
2181
2179
2178
2177
2175
2174
2173
2172
2171
2171
2170
2169
2171
2171
2172
2174
2177
2179
2181
2184
2187
2188
2192
2194
2195
2197
2198
2198
2198
2198
2197
2196
2195
2193
2190
2188
2185
2182
2179
2176
2172
2170
2168
2166
2164
2163
2162
2160
2159
2160
2160
2160
2162
2165
2166
2167
2169
2170
2170
2171
2171
2170
2168
2165
2163
2161
2160
2157
2155
2152
2149
2146
2142
2138
2134
2131
2127
2123
2120
2117
2114
2111
2109
2106
2103
2100
2098
2096
2094
2092
2090
2088
2087
2085
2083
2081
2079
2076
2074
2071
2067
2064
2060
2055
2051
2047
2043
2039
2035
2032
2028
2025
2022
2021
2018
2016
2016
2016
2016
2016
2018
2019
2020
2026
2030
2034
2044
2055
2064
2076
2098
2116
2131
2164
2194
2219
2254
2294
2330
2367
2422
2471
2516
2590
2661
2727
2811
2907
2989
3068
3172
3256
3333
3422
3509
2803
2803
2803
2803
2802
2802
2801
2801
2801
2800
2799
2799
2798
2798
2797
2798
2797
2797
2798
2798
2797
2797
2798
2798
2797
2798
2798
2798
2799
2799
2799
2799
2799
2799
2799
2800
2799
2800
2800
2799
2799
2799
2802
2803
2803
2803
2803
2803
2803
2803
2802
2800
2799
2798
2797
2797
2797
2797
2797
2797
2798
2798
2799
2799
2800
2801
2802
2803
2803
2804
2805
2805
2805
2805
2805
2806
2806
2806
2806
2806
2806
2806
2806
2806
2806
2805
2805
2804
2803
2803
2802
2802
2801
2801
2801
2801
2800
2800
2799
2800
2799
2799
2799
2799
2799
2798
2798
2798
2798
2798
2798
2798
2798
2798
2797
2797
2796
2796
2796
2796
2795
2795
2795
2795
2795
2795
2795
2795
2795
2795
2795
2794
2794
2795
2794
2794
2794
2794
2794
2794
2794
2793
2793
2794
2793
2793
2794
2794
2794
2794
2795
2795
2795
2795
2795
2795
2795
2796
2795
2795
2795
2795
2795
2795
2795
2794
2795
2795
2795
2795
2795
2796
2795
2796
2796
2796
2797
2797
2797
2797
2798
2799
2798
2798
2798
2798
2798
2798
2797
2797
2797
2797
2797
2797
2797
2796
2797
2796
2796
2796
2797
2797
2796
2797
2797
2797
2797
2797
2797
2797
2798
2797
2797
2797
2797
2797
2797
2797
2797
2796
2797
2797
2797
2797
2797
2797
2797
2797
2797
2797
2797
2797
2796
2796
2797
2797
2796
2797
2797
2798
2798
2798
2799
2799
2800
2800
2800
2800
2800
2801
2801
2801
2801
