3584
3651
3711
3766
3811
3853
3887
3917
3945
3973
3997
4020
4037
4050
4060
4072
4077
4083
4088
4095
4085
4074
4072
4069
4071
4072
4065
4048
4016
3994
3989
3978
3972
3968
3960
3970
3998
4011
4045
4072
4063
4058
4042
4022
4030
4037
4044
4050
4054
4058
4062
4065
4067
4070
4072
4074
4075
4077
4078
4079
4080
4081
4081
4082
4082
4083
4084
4084
4084
4085
4085
4085
4085
4086
4086
4086
4086
4087
4087
4087
4086
4087
4080
4066
4051
4034
4015
4000
3987
3979
3971
3961
3956
3958
3959
3958
3954
3949
3945
3935
3926
3918
3914
3913
3911
3909
3909
3905
3901
3893
3889
3881
3862
3828
3797
3775
3736
3701
3675
3647
3614
3585
3557
3529
3496
3456
3417
3390
3372
3355
3337
3320
3305
3290
3279
3275
3278
3273
3270
3273
3278
3283
3293
3315
3334
3351
3368
3384
3397
3411
3428
3442
3454
3472
3488
3502
3516
3530
3541
3550
3555
3558
3561
3559
3556
3552
3549
3548
3546
3544
3546
3547
3548
3549
3549
3548
3546
3542
3538
3534
3528
3522
3517
3509
3501
3493
3485
3470
3457
3445
3426
3406
3388
3368
3344
3322
3302
3276
3252
3231
3205
3179
3157
3134
3110
3088
3068
3048
3029
3013
2998
2983
2970
2959
2949
2939
2931
2923
2915
2908
2902
2895
2889
2884
2877
2870
2864
2854
2846
2839
2833
2822
2807
2797
2784
2773
2760
2747
2735
2725
2711
2692
2678
2665
2652
2638
2626
2614
2601
2590
2579
2566
2554
2543
2532
2520
2509
2499
2487
2477
2467
2453
2439
2427
2411
2392
2375
2357
2332
2310
2290
2264
2239
2217
2194
2168
2146
2127
2102
2081
2062
2045
2027
2013
2002
1994
1987
1981
1983
1983
1984
1989
1995
2001
2007
2019
2029
2037
2052
2064
2075
2086
2098
2108
2116
2125
2131
2136
2143
2148
2152
2157
2162
2167
2170
2175
2179
2182
2185
2187
2189
2191
2193
2194
2194
2197
2199
2201
2202
2203
2204
2204
2201
2199
2196
2192
2186
2181
2175
2167
2160
2153
2143
2133
2125
2115
2105
2095
2086
2078
2070
2063
2061
2058
2055
2054
2056
2056
2057
2062
2066
2070
2078
2086
2093
2101
2113
2123
2131
2142
2152
2159
2168
2175
2182
2187
2194
2199
2202
2207
2210
2212
2213
2213
2212
2211
2209
2206
2203
2201
2199
2196
2194
2192
2190
2187
2184
2181
2178
2173
2168
2164
2159
2153
2147
2142
2134
2126
2119
2110
2097
2085
2074
2058
2043
2031
2017
2002
1989
1977
1964
1952
1942
1929
1917
1908
1900
1893
1886
1879
1875
1871
1867
1866
1863
1861
1860
1859
1858
1857
1858
1859
1858
1860
1860
1860
1860
1858
1857
1855
1853
1849
1846
1843
1841
1838
1836
1835
1833
1830
1829
1827
1825
1823
1820
1817
1814
1812
1810
1807
1806
1804
1802
1799
1795
1791
1787
1780
1772
1766
1760
1752
1745
1738
1731
1724
1719
1712
1704
1698
1692
1685
1679
1675
1673
1671
1671
1675
1677
1678
1678
1679
1680
1679
1684
1688
1690
1696
1703
1709
1715
1723
1729
1734
1742
1747
1752
1758
1763
1768
1772
1780
1785
1789
1798
1805
1810
1816
1823
1828
1832
1840
1846
1851
1861
1870
1877
1886
1896
1904
1910
1920
1927
1933
1940
1947
1952
1957
1964
1970
1974
1980
1985
1990
1996
2001
2004
2005
2009
2011
2014
2021
2024
2026
2030
2035
2038
2042
2051
2057
2063
2074
2084
2092
2100
2110
2118
2127
2141
2153
2162
2174
2184
2193
2202
2213
2222
2230
2240
2249
2257
2265
2273
2279
2285
2292
2298
2303
2310
2316
2321
2327
2334
2340
2344
2351
2356
2361
2366
2371
2374
2378
2383
2386
2390
2394
2397
2399
2402
2404
2406
2407
2408
2409
2409
2410
2411
2411
2412
2414
2414
2415
2417
2419
2420
2421
2421
2422
2422
2423
2423
2424
2425
2426
2427
2427
2426
2425
2424
2424
2423
2422
2420
2418
2416
2413
2409
2407
2403
2397
2392
2387
2381
2374
2368
2362
2355
2348
2341
2333
2324
2317
2308
2299
2291
2283
2275
2267
2260
2252
2244
2238
2231
2223
2215
2208
2200
2192
2185
2178
2168
2160
2153
2148
2143
2138
2147
2155
2163
2184
2212
2237
2261
2301
2336
2367
2412
2455
2492
2537
2591
2639
2682
2744
2796
2841
2896
2953
3002
3056
3121
3177
3224
3281
3332
3376
3425
3473
3514
3553
3600
3641
3677
3720
3760
3794
3826
3860
3886
3910
3933
3952
3969
3984
3996
4008
4018
4028
4036
4042
4047
4051
4056
4060
4063
4066
4069
4070
4072
4074
4075
4077
4078
4079
4080
4081
4081
4082
4082
4083
4084
4084
4084
4084
4084
4083
4083
4082
4080
4078
4071
4059
4049
4038
4017
4000
3985
3959
3935
3914
3887
3854
3824
3798
3759
3724
3693
3656
3619
3586
3553
3514
3480
3450
3409
3373
3341
3305
3268
3235
3204
3168
3136
3108
3075
3044
3016
2989
2961
2936
2913
2889
2868
2848
2828
2809
2791
2775
2760
2746
2733
2723
2714
2707
2701
2698
2694
2691
2691
2689
2688
2687
2685
2683
2681
2680
2678
2677
2675
2674
2672
2669
2666
2663
2660
2655
2650
2646
2640
2633
2628
2624
2620
2617
2614
2615
2615
2615
2618
2621
2623
2626
2631
2634
2637
2643
2648
2653
2660
2667
2673
2680
2688
2694
2700
2706
2710
2715
2717
2718
2718
2719
2716
2714
2712
2709
2705
2702
2698
2694
2689
2685
2680
2675
2669
2665
2661
2657
2654
2652
2650
2649
2649
2650
2650
2651
2652
2653
2653
2654
2654
2654
2655
2655
2655
2655
2656
2657
2657
2657
2656
2655
2653
2651
2648
2645
2642
2639
2636
2633
2631
2629
2628
2627
2626
2625
2625
2625
2624
2625
2625
2625
2626
2627
2628
2629
2632
2633
2635
2637
2639
2641
2643
2645
2646
2648
2650
2652
2653
2656
2660
2663
2666
2671
2675
2679
2685
2691
2696
2701
2708
2713
2717
2724
2729
2734
2739
2744
2748
2752
2755
2758
2760
2762
2762
2763
2763
2761
2760
2758
2757
2755
2754
2752
2751
2749
2748
2747
2747
2746
2747
2748
2749
2751
2754
2756
2759
2764
2769
2773
2779
2784
2789
2794
2799
2805
2809
2813
2817
2821
2824
2827
2830
2833
2836
2837
2838
2840
2841
2842
2846
2852
2856
2864
2878
2892
2903
2923
2941
2958
2979
3003
3023
3043
3070
3093
3113
3137
3159
3178
3197
3217
3233
3245
3260
3275
3287
3297
3305
3309
3312
3316
3320
3323
3327
3330
3334
3336
3337
3339
3342
3346
3348
3350
3355
3360
3363
3368
3373
3378
3382
3387
3391
3394
3397
3399
3401
3402
3403
3403
3403
3402
3400
3398
3396
3392
3389
3386
3382
3378
3374
3370
3365
3361
3356
3352
3347
3343
3340
3336
3333
3329
3324
3320
3314
3306
3299
3292
3279
3267
3256
3241
3222
3206
3189
3165
3144
3125
3099
3073
3050
3025
2998
2973
2950
2924
2899
2877
2856
2835
2816
2799
2785
2771
2759
2751
2744
2737
2734
2733
2732
2732
2738
2744
2748
2760
2771
2781
2793
2807
2819
2831
2845
2857
2868
2880
2892
2903
2914
2926
2937
2948
2961
2973
2984
2996
3009
3019
3030
3044
3057
3071
3091
3108
3122
3137
3151
3164
3174
3187
3198
3209
3219
3228
3236
3244
3253
3261
3268
3279
3287
3293
3300
3306
3311
3315
3321
3326
3325
3326
3326
3328
3331
3334
3338
3342
3348
3354
3359
3365
3372
3378
3386
3397
3403
3407
3409
3410
3412
3410
3407
3405
3401
3395
3390
3385
3376
3367
3360
3350
3339
3329
3319
3306
3295
3285
3272
3259
3249
3239
3226
3213
3202
3189
3178
3167
3152
3138
3124
3110
3095
3080
3067
3052
3041
3033
3019
3003
2988
2972
2954
2937
2922
2908
2895
2885
2874
2864
2854
2845
2835
2826
2818
2809
2801
2794
2788
2782
2776
2770
2765
2759
2754
2749
2743
2737
2729
2719
2710
2700
2687
2675
2666
2655
2643
2632
2622
2610
2599
2589
2578
2566
2556
2545
2534
2525
2516
2506
2497
2490
2483
2475
2469
2463
2458
2452
2447
2442
2437
2432
2427
2422
2418
2413
2409
2406
2402
2399
2396
2393
2391
2389
2387
2385
2384
2383
2382
2382
2382
2382
2382
2383
2384
2384
2385
2386
2386
2386
2386
2385
2384
2383
2382
2380
2378
2376
2373
2371
2367
2363
2360
2355
2350
2345
2340
2334
2329
2324
2319
2314
2310
2307
2303
2301
2298
2296
2295
2292
2290
2287
2285
2282
2280
2277
2274
2271
2268
2265
2262
2258
2255
2251
2247
2244
2240
2236
2233
2231
2229
2225
2222
2219
2214
2209
2205
2201
2197
2193
2189
2185
2182
2178
2174
2170
2167
2164
2161
2158
2155
2151
2149
2145
2141
2137
2134
2128
2122
2117
2110
2102
2096
2089
2082
2076
2070
2064
2058
2052
2047
2041
2036
2031
2027
2022
2018
2015
2012
2008
2005
2002
1999
1995
1992
1989
1986
1982
1977
1973
1969
1965
1960
1956
1951
1947
1943
1939
1934
1930
1927
1925
1921
1918
1917
1915
1913
1912
1912
1911
1910
1911
1911
1910
1911
1912
1913
1914
1915
1916
1917
1920
1921
1922
1926
1928
1930
1932
1935
1937
1939
1944
1947
1949
1955
1961
1966
1973
1984
1993
2001
2018
2032
2044
2063
2084
2101
2118
2146
2170
2190
2221
2248
2272
2300
2332
2360
2385
2419
2449
2477
2514
2551
2584
2621
2664
2703
2737
2786
2829
2868
2914
2961
3002
3044
3093
3135
3172
3221
3265
3302
3346
3389
3426
3464
3509
3547
3580
3621
3658
3690
3725
3761
3792
3820
3853
3881
3905
3926
3946
3961
3974
3987
3997
4005
4012
4016
4017
4020
4022
4022
4021
4022
4024
4027
4035
4040
4045
4049
4053
4057
4061
4064
4066
4069
4071
4073
4074
4076
4077
4078
4079
4080
4081
4081
4081
4082
4081
4082
4082
4082
4081
4082
4081
4079
4078
4077
4074
4071
4062
4054
4048
4034
4020
4007
3992
3973
3956
3941
3919
3899
3882
3860
3837
3818
3798
3774
3752
3734
3709
3685
3666
3643
3619
3598
3578
3553
3532
3513
3489
3467
3447
3426
3404
3384
3366
3345
3324
3307
3288
3268
3251
3234
3216
3199
3184
3167
3151
3137
3121
3106
3092
3078
3063
3049
3037
3023
3009
2997
2984
2970
2957
2946
2932
2920
2909
2896
2884
2873
2861
2849
2838
2828
2817
2805
2797
2788
2782
2778
2776
2770
2764
2758
2748
2738
2729
2718
2708
2698
2688
2678
2668
2659
2649
2639
2630
2621
2611
2602
2594
2586
2577
2570
2562
2555
2549
2542
2536
2530
2525
2520
2516
2511
2508
2506
2504
2502
2501
2501
2499
2498
2497
2496
2495
2493
2492
2491
2491
2491
2492
2494
2495
2495
2495
2495
2495
2495
2496
2495
2493
2494
2496
2498
2500
2502
2506
2506
2509
2510
2509
2509
2504
2499
2496
2496
2496
2497
2502
2507
2513
2518
2524
