2774
2765
2757
2748
2736
2725
2713
2698
2682
2669
2649
2630
2613
2589
2566
2546
2521
2497
2476
2452
2429
2409
2387
2366
2348
2331
2314
2301
2289
2279
2270
2265
2261
2257
2255
2255
2254
2254
2256
2258
2259
2262
2264
2266
2269
2271
2273
2275
2276
2276
2275
2274
2273
2269
2266
2262
2256
2250
2244
2236
2225
2217
2206
2195
2185
2173
2163
2153
2143
2133
2125
2116
2106
2098
2090
2081
2073
2066
2059
2053
2047
2042
2037
2033
2031
2028
2025
2026
2025
2025
2027
2028
2029
2033
2036
2038
2042
2046
2049
2054
2058
2062
2066
2070
2073
2077
2080
2083
2085
2088
2090
2091
2093
2093
2094
2094
2093
2092
2090
2088
2086
2085
2083
2081
2081
2079
2078
2079
2078
2078
2079
2080
2080
2080
2080
2081
2081
2080
2080
2080
2078
2077
2077
2075
2074
2072
2069
2066
2064
2061
2058
2056
2054
2052
2050
2048
2046
2044
2043
2041
2040
2039
2038
2037
2037
2037
2037
2038
2039
2040
2042
2044
2045
2048
2050
2052
2055
2058
2060
2063
2066
2068
2070
2073
2074
2076
2079
2081
2082
2085
2086
2088
2089
2090
2090
2091
2090
2090
2090
2090
2089
2089
2089
2088
2088
2088
2087
2087
2085
2084
2084
2083
2082
2082
2081
2080
2079
2078
2077
2076
2075
2074
2072
2071
2070
2069
2069
2068
2067
2067
2067
2066
2068
2068
2068
2070
2071
2072
2075
2076
2077
2080
2082
2083
2086
2088
2089
2092
2093
2095
2096
2098
2099
2101
2102
2103
2103
2103
2103
2103
2102
2101
2100
2099
2097
2096
2095
2093
2091
2090
2089
2088
2088
2087
2087
2087
2086
2086
2086
2086
2086
2088
2089
2089
2091
2093
2095
2096
2098
2099
2101
2102
2103
2104
2104
2104
2104
2104
2104
2103
2103
2102
2102
2102
2101
2100
2100
2100
2099
2099
2099
2099
2101
2101
2101
2103
2104
2104
2106
2107
2108
2110
2111
2112
2114
2116
2117
2118
2119
2120
2121
2122
2122
2123
2124
2124
2124
2125
2125
2125
2127
2127
2127
2129
2130
2130
2133
2134
2136
2138
2140
2142
2145
2147
2150
2153
2155
2156
2159
2161
2162
2163
2164
2165
2165
2165
2164
2163
2162
2160
2159
2157
2154
2153
2152
2150
2148
2148
2147
2147
2148
2149
2149
2152
2154
2155
2159
2161
2164
2169
2174
2178
2183
2188
2192
2192
2191
2189
2183
2170
2161
2147
2126
2109
2089
2063
2040
2018
1990
1966
1944
1916
1892
1870
1841
1816
1795
1767
1744
1723
1704
1686
1672
1664
1656
1650
1649
1648
1647
1648
1648
1647
1649
1649
1650
1652
1656
1658
1664
1672
1678
1685
1694
1701
1708
1715
1720
1724
1729
1733
1735
1743
1749
1753
1766
1776
1783
1796
1806
1814
1823
1830
1835
1840
1844
1847
1845
1841
1838
1828
1813
1800
1785
1767
1751
1737
1723
1711
1701
1692
1684
1678
1677
1675
1676
1692
1705
1717
1756
1788
1815
1870
1913
1949
2002
2043
2081
2128
2169
2205
2247
2289
2325
2364
2403
2437
2504
2589
2666
2797
2963
3108
3238
3344
3443
3525
2811
2812
2812
2812
2813
2813
2814
2814
2815
2815
2815
2815
2816
2817
2817
2817
2818
2818
2818
2819
2819
2819
2819
2819
2819
2819
2819
2819
2819
2820
2820
2820
2820
2821
2821
2822
2822
2822
2823
2823
2824
2824
2825
2825
2826
2826
2826
2826
2826
2826
2826
2825
2825
2825
2825
2824
2824
2824
2824
2824
2824
2824
2824
2824
2824
2824
2825
2825
2825
2826
2826
2826
2827
2827
2827
2828
2829
2829
2830
2830
2830
2831
2830
2830
2830
2830
2830
2831
2831
2830
2831
2831
2831
2831
2831
2831
2831
2831
2831
2831
2832
2832
2832
2833
2833
2833
2834
2834
2834
2834
2834
2834
2834
2834
2833
2833
2833
2833
2832
2832
2831
2831
2830
2829
2829
2828
2827
2826
2826
2825
2825
2825
2825
2825
2825
2825
2825
2826
2826
2826
2827
2827
2827
2828
2829
2829
2830
2830
2831
2832
2832
2833
2833
2834
2834
2835
2834
2834
2835
2835
2835
2836
2836
2836
2836
2836
2837
2837
2837
2837
2837
2837
2836
2836
2836
2836
2836
2836
2836
2836
2836
2836
2836
2837
2837
2837
2838
2837
2838
2838
2838
2838
2837
2837
2837
2836
2836
2835
2834
2834
2833
2833
2833
2832
2832
2832
2831
2831
2831
2830
2830
2830
2829
2829
2828
2827
2827
2826
2825
2824
2823
2822
2821
2820
2819
2818
2818
2817
2817
2816
2816
2816
2816
2815
2815
2815
2815
2814
2814
2813
2813
2812
2812
2812
2811
2811
2811
2810
2810
2810
2810
2810
2810
2810
2810
2810
2809
2809
2808
2807
2807
2806
2805
2805
2804
2803
2802
2802
2801
2801
2801
2800
2800
2800
2800
2800
2800
2799
2798
2797
2794
2791
2786
2781
