[PREW 744 count_idx:5, count_value:21869]
2795
2795
2795
2795
2794
2794
2794
2794
2794
2794
2794
2794
2795
2795
2795
2796
2796
2796
2796
2797
2797
2797
2797
2797
2798
2798
2799
2799
2799
2800
2799
2799
2799
2798
2798
2797
2797
2797
2796
2796
2795
2795
2795
2795
2795
2796
2796
2796
2797
2797
2797
2797
2798
2798
2798
2798
2798
2799
2799
2799
2800
2800
2800
2801
2801
2801
2801
2801
2801
2801
2801
2801
2801
2801
2801
2801
2801
2802
2802
2802
2802
2802
2802
2803
2802
2802
2803
2803
2803
2803
2803
2804
2804
2804
2804
2804
2804
2804
2804
2804
2804
2804
2804
2803
2803
2802
2802
2801
2800
2800
2799
2798
2798
2797
2797
2797
2797
2797
2797
2797
2797
2797
2797
2797
2796
2796
2796
2796
2796
2796
2796
2796
2796
2796
2797
2797
2797
2797
2796
2796
2796
2795
2795
2795
2794
2794
2794
2794
2794
2794
2794
2794
2794
2795
2795
2796
2796
2797
2797
2798
2798
2799
2799
2800
2800
2801
2801
2801
2801
2802
2802
2802
2802
2802
2802
2802
2802
2802
2801
2801
2801
2801
2801
2801
2801
2802
2802
2802
2802
2802
2802
2802
2802
2803
2803
2803
2803
2803
2804
2804
2804
2804
2804
2804
2804
2804
2804
2804
2804
2804
2804
2804
2804
2804
2804
2804
2804
2804
2804
2804
2804
2803
2803
2803
2803
2803
2803
2803
2802
2802
2802
2802
2802
2801
2801
2801
2801
2801
2801
2801
2801
2801
2801
2800
2799
2799
2799
2798
2798
2797
2797
2796
2796
2796
2796
2796
2796
2795
2796
2796
2795
2795
2796
2796
2796
2796
2796
2796
2797
2798
2798
2799
2799
2799
2800
2801
2801
2801
2802
2802
2802
2802
2802
2802
2801
2801
2801
2801
2801
2801
2801
2801
2801
2801
2801
2801
2801
2802
2802
2802
2803
2803
2803
2803
2804
2804
2804
2804
2805
2805
2805
2805
2805
2805
2805
2805
2805
2806
2806
2806
2806
2807
2807
2807
2808
2808
2809
2810
2810
2810
2811
2811
2811
2811
2811
2811
2812
2812
2812
2812
2812
2812
2811
2810
2809
2806
2802
2799
2794
2788
2782
2774
2763
2754
2745
2729
2716
2703
2685
2667
2650
2630
2608
2588
2566
2540
2517
2496
2469
2445
2425
2399
2376
2356
2334
2314
2296
2278
2259
2244
2229
2212
2198
2185
2170
2156
2144
2131
2118
2107
2096
2083
2073
2063
2050
2039
2029
2018
2007
1998
1989
1980
1973
1966
1959
1954
1950
1948
1947
1946
1949
1952
1954
1959
1966
1971
1978
1986
1993
2000
2009
2016
2022
2031
2038
2043
2050
2056
2061
2066
2069
2073
2075
2078
2080
2081
2081
2081
2081
2081
2080
2079
2079
2078
2078
2078
2080
2081
2082
2086
2089
2092
2096
2100
2103
2107
2112
2116
2119
2123
2126
2129
2131
2133
2134
2134
2134
2134
2133
2132
2130
2128
2125
2123
2120
2117
2114
2112
2110
2108
2107
2106
2106
2106
2106
2108
2109
2109
2113
2116
2118
2123
2128
2132
2137
2142
2147
2152
2157
2162
2166
2171
2175
2179
2184
2187
2191
2194
2197
2200
2202
2204
2206
2207
2209
2210
2211
2212
2213
2214
2215
2216
2217
2218
2219
2220
2221
2222
2223
2224
2225
2226
2226
2226
2225
2224
2222
2220
2218
2216
2212
2209
2206
2200
2195
2190
2184
2178
2171
2165
2158
2152
2146
2140
2134
2129
2124
2120
2117
2114
2112
2110
2108
2108
2107
2106
2106
2106
2106
2107
2107
2107
2107
2107
2107
2107
2107
2107
2107
2107
2107
2106
2106
2106
2105
2105
2103
2103
2102
2101
2100
2099
2098
2098
2097
2096
2096
2095
2095
2094
2094
2093
2092
2091
2090
2087
2085
2083
2079
2075
2072
2067
2062
2058
2052
2045
2040
2034
2026
2020
2014
2006
1999
1993
1986
1979
1974
1968
1963
1958
1954
1950
1947
1943
1941
1939
1938
1937
1937
1936
1936
1937
1937
1938
1939
1940
1940
1941
1941
1941
1942
1942
1943
1943
1944
1944
1944
1945
1946
1946
1947
1948
1949
1951
1953
1954
1956
1958
1960
1962
1966
1969
1971
1975
1979
1981
1984
1987
1989
1992
1994
1995
1997
1998
1998
1999
1999
1998
1998
1997
1996
1994
1993
1991
1990
1988
1985
1984
1981
1979
1977
1975
1973
1972
1970
1971
1973
1974
1979
1986
1993
2000
2015
2026
2036
2056
2072
2085
2106
2127
2144
2165
2187
2207
2224
2243
2260
2273
2299
2321
2340
2380
2423
2461
2533
2630
2717
2822
2985
3124
3245
3354
3447
3529
2795
2795
2795
2795
2795
2795
2795
2795
2795
2796
2796
2796
2796
2797
2797
2797
2798
2798
2798
2798
2799
2799
2799
2800
2800
2800
2801
2801
2801
2802
2802
2802
2802
2802
2802
2802
2801
2801
2801
2801
2801
2800
2800
2800
2799
2799
2799
2798
2798
2797
2797
2797
2797
2797
2796
2796
[POSTW]
3600
3662
3717
3763
3804
3840
3871
3898
3922
3942
3960
3976
3990
4002
4012
4021
4029
4037
4042
4047
4052
4056
4060
4063
4066
4068
4070
4072
4074
4075
4076
4078
4078
4079
4080
4081
4081
4082
4082
4082
4083
4083
4084
4084
4084
4084
4084
4084
4084
4085
4085
4085
4085
4085
4085
4085
4086
4086
4085
4086
4086
4086
4086
4086
4086
4086
4086
4087
4087
4086
4087
4087
4086
4087
4087
4086
4087
4086
4086
4086
4087
4087
4087
4086
4087
4087
4087
4087
4086
4087
4086
4088
4086
4086
4086
4086
4087
4087
4087
4087
4087
4087
4087
4087
4086
4087
4087
4087
4087
4087
4087
4087
4087
4087
4087
4087
4087
4087
4087
4087
4087
4087
4086
4086
4086
4084
4080
4067
4055
4044
4011
3981
3956
3911
3866
3828
3782
3733
3691
3648
3601
3559
3521
3472
3429
3391
3343
3298
3258
3214
3170
3130
3090
3047
3008
2972
2928
2888
2852
2809
2767
2730
2694
2661
2632
2606
2587
2569
2553
2541
2529
2519
2508
2498
2488
2479
2470
2463
2458
2457
2456
2456
2462
2468
2472
2480
2487
2493
2499
2504
2508
2512
2516
2519
2522
2526
2529
2533
2538
2542
2547
2552
2557
2562
2567
2572
2576
2580
2586
2591
2595
2600
2605
2610
2613
2616
2619
2621
2622
2623
2624
2623
2623
2622
2619
2617
2615
2610
2604
2599
2592
2584
2576
2567
2554
2542
2531
2516
2501
2489
2477
2466
2456
2450
2447
2444
2442
2444
2446
2448
2450
2451
2453
2454
2455
2456
2457
2459
2461
2462
2464
2466
2467
2466
2465
2464
2457
2449
2441
2429
2415
2402
2388
2371
2356
2342
2323
2307
2293
2278
2265
2253
2243
2235
2228
2223
2219
2216
2213
2212
2210
2208
2207
2207
2206
2207
2208
2209
2210
2213
2216
2218
2221
2224
2226
2226
2226
2226
2223
2219
2215
2210
2203
2197
2192
2184
2178
2172
2165
2157
2152
2145
2138
2131
2125
2120
2115
2110
2105
2100
2096
2091
2086
2082
2077
2071
2066
2059
2050
2042
2034
2020
2008
1997
1979
1963
1949
1929
1909
1892
1874
1853
1835
1819
1799
1781
1766
1748
1731
1716
1701
1687
1675
1665
1655
1647
1640
1633
1627
1622
1619
1615
1612
1611
1610
1610
1611
1613
1614
1616
1617
1618
1618
1618
1617
1616
1616
1615
1615
1616
1617
1618
1619
1620
1620
1620
1618
1615
1613
1612
1610
1608
1609
1611
1614
1616
1621
1625
1627
1631
1634
1636
1637
1637
1637
1638
1638
1638
1638
1640
1641
1642
1646
1650
1652
1659
1666
1671
1677
1685
1692
1698
1706
1712
1717
1725
1732
1737
1747
1755
1763
1772
1783
1791
1800
1812
1822
1830
1845
1857
1866
1880
1892
1902
1915
1929
1940
1952
1969
1982
1994
2015
2034
2049
2071
2093
2111
2134
2159
2181
2204
2233
2258
2281
2312
2338
2361
2390
2417
2441
2466
2493
2517
2539
2564
2585
2605
2624
2642
2658
2673
2686
2698
2709
2719
2728
2737
2745
2752
2758
2765
2772
2777
2784
2791
2796
2803
2811
2817
2824
2832
2838
2844
2852
2858
2863
2869
2874
2879
2885
2891
2897
2903
2912
2920
2927
2938
2948
2956
2969
2981
2992
3007
3023
3037
3054
3076
3095
3113
3140
3163
3184
3215
3242
3267
3298
3328
3355
3384
3416
3444
3470
3501
3528
3551
3578
3601
3622
3643
3662
3679
3696
3711
3725
3738
3752
3763
3773
3786
3797
3806
3819
3832
3843
3857
3873
3886
3900
3918
3933
3947
3964
3978
3991
4003
4013
4021
4029
4036
4041
4046
4051
4054
4058
4061
4062
4064
4064
4063
4061
4057
4051
4045
4037
4025
4013
4003
3986
3972
3960
3943
3927
3914
3900
3885
3872
3859
3843
3830
3817
3800
3785
3772
3755
3738
3725
3707
3689
3674
3656
3633
3613
3594
3567
3543
3522
3490
3461
3435
3399
3361
3327
3289
3245
3205
3167
3120
3079
3041
2997
2957
2920
2882
2846
2813
2782
2753
2727
2702
2678
2657
2638
2621
2606
2593
2583
2576
2570
2566
2566
2565
2565
2568
2570
2572
2577
2581
2585
2590
2596
2601
2607
2613
2618
2622
2626
2630
2633
2634
2636
2637
2639
2642
2644
2649
2655
2661
2668
2680
2691
2701
2718
2734
2748
2767
2786
2802
2821
2841
2858
2875
2894
2911
2926
2941
2955
2967
2976
2984
2991
2994
2995
2996
2995
2991
2987
2984
2977
2971
2965
2957
2949
2942
2934
2926
2918
2911
2905
2900
2894
2891
2889
2886
2885
2885
2884
2883
2883
2882
2880
2878
2876
2874
2869
2865
2862
2855
2848
2842
2835
2826
2818
2809
2799
2790
2782
2771
2762
2753
2744
2735
2727
2720
2714
2709
2704
2702
2699
2697
2696
2696
2695
2697
2698
2700
2702
2705
2708
2710
2712
2715
2716
2717
2717
2717
2715
2714
2712
2709
2705
2702
2697
2692
2687
2681
2675
2669
2663
2656
2649
2642
2634
2626
2619
2611
2603
2596
2590
2583
2576
2570
2563
2557
2551
2544
2537
2531
2523
2514
2506
2497
2485
2475
2465
2450
2436
2424
2408
2392
2379
2364
2349
2336
2323
2309
2297
2285
2272
2261
2251
2241
2232
2225
2218
2213
2208
2205
2204
2202
2201
2202
2203
2203
2205
2206
2208
2209
2211
2212
2213
2215
2216
2217
2219
2220
2221
2222
2223
2223
2224
2224
2225
2226
2227
2228
2230
2232
2235
2237
2240
2243
2246
2251
2256
2260
2265
2272
2278
2283
2291
2298
2304
2313
2320
2327
2335
2343
2350
2357
2366
2373
2380
2389
2397
2404
2413
2421
2427
2436
2444
2451
2459
2469
2478
2486
2498
2509
2518
2533
2546
2558
2574
2590
2605
2623
2645
2664
2683
2710
2734
2755
2785
2812
2836
2865
2895
2921
2950
2981
3009
3035
3067
3095
3120
3151
3179
3203
3232
3259
3283
3309
3337
3361
3385
3413
3437
3458
3485
3509
3530
3555
3579
3601
3625
3650
3671
3692
3717
3738
3757
3780
3800
3817
3836
3854
3870
3885
3901
3914
3926
3939
3949
3959
3970
3978
3986
3993
4000
4005
4011
4016
4020
4024
4029
4031
4034
4037
4038
4040
4039
4039
4038
4037
4036
4036
4032
4027
4022
4015
3999
3984
3973
3947
3924
3904
3878
3849
3824
3796
3765
3737
3710
3680
3654
3631
3605
3581
3561
3538
3517
3498
3479
3461
3444
3429
3416
3405
3395
3386
3379
3373
3367
3361
3356
3351
3346
3342
3338
3333
3329
3325
3318
3312
3306
3297
3287
3278
3267
3254
3242
3231
3217
3205
3194
3184
3176
3168
3164
3162
3160
3161
3166
3171
3175
3184
3192
3198
3209
3217
3226
3236
3246
3255
3264
3273
3280
3286
3291
3294
3297
3294
3292
3291
3285
3278
3273
3264
3254
3245
3236
3223
3213
3202
3190
3178
3168
3158
3148
3140
3132
3125
3119
3113
3107
3102
3097
3092
3087
3083
3077
3072
3067
3060
3053
3046
3038
3028
3019
3010
2998
2987
2978
2964
2951
2940
2926
2912
2899
2887
2873
2860
2849
2837
2827
2818
2810
2803
2797
2793
2790
2788
2786
2786
2786
2786
2789
2790
2792
2794
2796
2797
2798
2799
2800
2800
2799
2799
2797
2795
2792
2789
2785
2781
2777
2771
2765
2760
2754
2748
2742
2737
2732
2727
2723
2720
2717
2715
2713
2712
2711
2710
2710
2709
2708
2707
2706
2704
2701
2698
2696
2691
2685
2681
2675
2667
2660
2652
2642
2633
2624
2614
2604
2595
2585
2576
2569
2561
2554
2547
2541
2536
2532
2528
2526
2524
2523
2523
2524
2525
2527
2530
2532
2534
2537
2540
2543
2545
2546
2548
2549
2549
2549
2548
2548
2547
2545
2543
2541
2539
2536
2533
2530
2528
2527
2525
2523
2523
2522
2521
2521
2521
2521
2522
2522
2523
2524
2525
2526
2527
2528
2528
2529
2529
2528
2527
2525
2523
2521
2516
2512
2508
2502
2496
2491
2485
2478
2471
2466
2459
2453
2448
2443
2438
2434
2430
2428
2426
2424
2423
2423
2422
2423
2424
2425
2426
2428
2429
2431
2434
2435
2436
2436
2435
2433
2431
2430
2429
2427
2425
2423
2421
2418
2415
2413
2410
2408
2405
2403
2401
2399
2398
2397
2397
2397
2397
2398
2399
2400
2402
2404
2407
2409
2411
2414
2417
2419
2421
2423
2424
2425
2426
2426
2425
2424
2423
2421
2419
2417
2415
2413
2411
2409
2407
2406
2404
2403
2403
2403
2402
2403
2404
2405
2407
2410
2412
2416
2420
2424
2427
2433
2438
2442
2448
2453
2457
2462
2466
2471
2475
2479
2483
2486
2490
2492
2495
2497
2500
2502
2504
2507
2510
2513
2517
2521
2524
2529
2534
2538
2544
2549
2554
2561
2567
2572
2579
2586
2592
2598
2605
2612
2617
2624
2630
2636
2641
2645
2649
2653
2656
2658
2661
2663
2665
2666
2668
2670
2671
2672
2673
2674
2676
2677
2679
2681
2683
2686
2688
2692
2695
2697
2701
2705
2708
2711
2715
2719
2722
2726
2729
2732
2736
2739
2742
2746
2749
2751
2753
2756
2758
2759
2761
2762
2763
2765
2765
2767
2768
2769
2770
2772
2773
2774
2776
2778
2779
2781
2784
2787
2789
2792
2795
2798
2801
2804
2807
2810
2813
2815
2817
2819
2820
2822
2822
2822
2823
2822
2822
2822
2821
2821
2820
2820
2819
2819
2818
2818
2818
2818
2818
2818
2819
2819
2820
2821
2821
2823
2824
2826
2828
2830
2832
2833
2835
2836
2837
2839
2840
2840
2841
2841
2842
2842
2842
2842
2842
2841
2841
2841
2840
2839
2838
2838
2838
2837
2838
2838
2838
2839
2841
2842
2843
2844
2845
2847
2848
2849
2850
2853
2854
2855
2856
2857
2858
2858
2859
2859
2859
2858
2858
2857
2857
2856
2856
2855
2855
2854
2853
2853
2852
2852
2852
2852
2852
2853
2855
2856
2858
2860
2862
2865
2867
2869
2872
2874
2877
2879
2882
2884
2887
2889
2891
2893
2894
2895
2896
2897
2898
2898
2898
2899
2899
2899
2900
2901
2902
2902
2903
2904
2905
2907
2908
2909
2912
2914
2915
2918
2920
2922
2925
2927
2929
2931
2932
2934
2935
2936
2937
2938
2938
2938
2938
2937
2935
2934
2932
2930
2928
2925
2923
2921
2918
2916
2914
2912
2910
2908
2906
2905
2903
2902
2900
2899
2898
2896
2895
2893
2892
2890
2888
2887
2884
2882
2879
2876
2872
2868
2865
2860
2855
2851
2845
2840
2835
2829
2823
2817
2811
2805
2799
2794
2788
2783
2778
2773
2769
2765
2761
2757
2754
2751
2748
2745
2743
2741
2738
2737
2734
2731
2729
2727
2725
2723
2720
2717
2715
2712
2709
2707
2704
2701
2698
2696
2693
2691
2688
2686
2684
2682
2681
2680
2679
2678
2677
2676
2676
2675
2674
2674
2674
2673
2673
2673
2673
2673
2673
2672
2672
2672
2671
2670
2670
2669
2668
2667
2666
2665
2663
2662
2661
2660
2659
2658
2657
2656
2655
2655
2654
2654
2655
2655
2655
2657
2658
2659
2661
2663
2664
2666
2669
2671
