2795
2795
2795
2795
2794
2794
2794
2794
2794
2794
2794
2794
2795
2795
2795
2796
2796
2796
2796
2797
2797
2797
2797
2797
2798
2798
2799
2799
2799
2800
2799
2799
2799
2798
2798
2797
2797
2797
2796
2796
2795
2795
2795
2795
2795
2796
2796
2796
2797
2797
2797
2797
2798
2798
2798
2798
2798
2799
2799
2799
2800
2800
2800
2801
2801
2801
2801
2801
2801
2801
2801
2801
2801
2801
2801
2801
2801
2802
2802
2802
2802
2802
2802
2803
2802
2802
2803
2803
2803
2803
2803
2804
2804
2804
2804
2804
2804
2804
2804
2804
2804
2804
2804
2803
2803
2802
2802
2801
2800
2800
2799
2798
2798
2797
2797
2797
2797
2797
2797
2797
2797
2797
2797
2797
2796
2796
2796
2796
2796
2796
2796
2796
2796
2796
2797
2797
2797
2797
2796
2796
2796
2795
2795
2795
2794
2794
2794
2794
2794
2794
2794
2794
2794
2795
2795
2796
2796
2797
2797
2798
2798
2799
2799
2800
2800
2801
2801
2801
2801
2802
2802
2802
2802
2802
2802
2802
2802
2802
2801
2801
2801
2801
2801
2801
2801
2802
2802
2802
2802
2802
2802
2802
2802
2803
2803
2803
2803
2803
2804
2804
2804
2804
2804
2804
2804
2804
2804
2804
2804
2804
2804
2804
2804
2804
2804
2804
2804
2804
2804
2804
2804
2803
2803
2803
2803
2803
2803
2803
2802
2802
2802
2802
2802
2801
2801
2801
2801
2801
2801
2801
2801
2801
2801
2800
2799
2799
2799
2798
2798
2797
2797
2796
2796
2796
2796
2796
2796
2795
2796
2796
2795
2795
2796
2796
2796
2796
2796
2796
2797
2798
2798
2799
2799
2799
2800
2801
2801
2801
2802
2802
2802
2802
2802
2802
2801
2801
2801
2801
2801
2801
2801
2801
2801
2801
2801
2801
2801
2802
2802
2802
2803
2803
2803
2803
2804
2804
2804
2804
2805
2805
2805
2805
2805
2805
2805
2805
2805
2806
2806
2806
2806
2807
2807
2807
2808
2808
2809
2810
2810
2810
2811
2811
2811
2811
2811
2811
2812
2812
2812
2812
2812
2812
2811
2810
2809
2806
2802
2799
2794
2788
2782
2774
2763
2754
2745
2729
2716
2703
2685
2667
2650
2630
2608
2588
2566
2540
2517
2496
2469
2445
2425
2399
2376
2356
2334
2314
2296
2278
2259
2244
2229
2212
2198
2185
2170
2156
2144
2131
2118
2107
2096
2083
2073
2063
2050
2039
2029
2018
2007
1998
1989
1980
1973
1966
1959
1954
1950
1948
1947
1946
1949
1952
1954
1959
1966
1971
1978
1986
1993
2000
2009
2016
2022
2031
2038
2043
2050
2056
2061
2066
2069
2073
2075
2078
2080
2081
2081
2081
2081
2081
2080
2079
2079
2078
2078
2078
2080
2081
2082
2086
2089
2092
2096
2100
2103
2107
2112
2116
2119
2123
2126
2129
2131
2133
2134
2134
2134
2134
2133
2132
2130
2128
2125
2123
2120
2117
2114
2112
2110
2108
2107
2106
2106
2106
2106
2108
2109
2109
2113
2116
2118
2123
2128
2132
2137
2142
2147
2152
2157
2162
2166
2171
2175
2179
2184
2187
2191
2194
2197
2200
2202
2204
2206
2207
2209
2210
2211
2212
2213
2214
2215
2216
2217
2218
2219
2220
2221
2222
2223
2224
2225
2226
2226
2226
2225
2224
2222
2220
2218
2216
2212
2209
2206
2200
2195
2190
2184
2178
2171
2165
2158
2152
2146
2140
2134
2129
2124
2120
2117
2114
2112
2110
2108
2108
2107
2106
2106
2106
2106
2107
2107
2107
2107
2107
2107
2107
2107
2107
2107
2107
2107
2106
2106
2106
2105
2105
2103
2103
2102
2101
2100
2099
2098
2098
2097
2096
2096
2095
2095
2094
2094
2093
2092
2091
2090
2087
2085
2083
2079
2075
2072
2067
2062
2058
2052
2045
2040
2034
2026
2020
2014
2006
1999
1993
1986
1979
1974
1968
1963
1958
1954
1950
1947
1943
1941
1939
1938
1937
1937
1936
1936
1937
1937
1938
1939
1940
1940
1941
1941
1941
1942
1942
1943
1943
1944
1944
1944
1945
1946
1946
1947
1948
1949
1951
1953
1954
1956
1958
1960
1962
1966
1969
1971
1975
1979
1981
1984
1987
1989
1992
1994
1995
1997
1998
1998
1999
1999
1998
1998
1997
1996
1994
1993
1991
1990
1988
1985
1984
1981
1979
1977
1975
1973
1972
1970
1971
1973
1974
1979
1986
1993
2000
2015
2026
2036
2056
2072
2085
2106
2127
2144
2165
2187
2207
2224
2243
2260
2273
2299
2321
2340
2380
2423
2461
2533
2630
2717
2822
2985
3124
3245
3354
3447
3529
2795
2795
2795
2795
2795
2795
2795
2795
2795
2796
2796
2796
2796
2797
2797
2797
2798
2798
2798
2798
2799
2799
2799
2800
2800
2800
2801
2801
2801
2802
2802
2802
2802
2802
2802
2802
2801
2801
2801
2801
2801
2800
2800
2800
2799
2799
2799
2798
2798
2797
2797
2797
2797
2797
2796
2796
