2786
2787
2786
2787
2787
2787
2787
2787
2787
2788
2788
2788
2788
2788
2788
2788
2788
2787
2788
2787
2788
2788
2788
2788
2788
2788
2788
2788
2789
2790
2790
2790
2791
2791
2791
2792
2793
2793
2794
2794
2795
2795
2796
2796
2797
2798
2798
2798
2798
2797
2797
2797
2797
2796
2796
2796
2795
2795
2795
2795
2795
2795
2796
2795
2795
2796
2797
2796
2797
2797
2797
2797
2797
2797
2796
2797
2797
2797
2797
2797
2797
2797
2797
2797
2797
2797
2797
2796
2796
2795
2795
2794
2795
2794
2794
2794
2794
2794
2794
2794
2794
2794
2794
2794
2793
2793
2793
2792
2792
2792
2792
2792
2792
2791
2791
2790
2790
2790
2789
2790
2789
2789
2789
2789
2789
2790
2790
2791
2791
2792
2792
2792
2793
2794
2795
2795
2796
2797
2798
2798
2798
2798
2798
2798
2798
2798
2798
2798
2798
2798
2798
2798
2798
2799
2799
2799
2800
2800
2800
2801
2801
2801
2801
2801
2801
2801
2801
2801
2801
2801
2801
2801
2801
2801
2801
2801
2801
2800
2800
2800
2800
2799
2799
2799
2799
2799
2799
2799
2799
2799
2799
2799
2799
2800
2800
2800
2800
2800
2800
2799
2800
2799
2799
2799
2799
2799
2798
2798
2798
2797
2797
2797
2797
2797
2797
2797
2797
2798
2797
2798
2798
2798
2799
2799
2799
2799
2798
2799
2799
2798
2799
2798
2798
2798
2798
2798
2798
2798
2798
2797
2797
2798
2797
2797
2798
2798
2798
2799
2798
2798
2799
2799
2799
2799
2800
2800
2801
2801
2801
2801
2802
2802
2802
2801
2802
2802
2802
2803
2803
2803
2803
2803
2803
2803
2803
2803
2803
2802
2802
2802
2802
2802
2802
2802
2802
2802
2801
2802
2802
2802
2801
2802
2802
2802
2801
2801
2800
2800
2800
2799
2799
2799
2799
2798
2798
2797
2797
2797
2797
2796
2796
2795
2795
2795
2794
2794
2793
2793
2793
2793
2793
2793
2794
2794
2794
2795
2796
2796
2797
2797
2797
2798
2798
2798
2798
2798
2798
2798
2799
2799
2799
2799
2800
2800
2799
2801
2801
2802
2804
2805
2807
2809
2813
2817
2820
2827
2833
2839
2847
2856
2863
2871
2880
2889
2896
2903
2910
2915
2919
2919
2920
2920
2913
2906
2901
2889
2875
2863
2849
2830
2812
2796
2770
2746
2724
2696
2664
2635
2606
2570
2537
2509
2475
2442
2414
2385
2356
2331
2308
2285
2264
2246
2231
2217
2204
2194
2187
2181
2175
2173
2170
2168
2167
2166
2164
2163
2163
2162
2161
2162
2162
2162
2163
2164
2165
2165
2164
2163
2162
2160
2156
2153
2149
2144
2138
2133
2125
2117
2109
2100
2090
2081
2071
2059
2048
2038
2027
2015
2005
1996
1987
1979
1973
1968
1963
1959
1958
1957
1955
1956
1959
1961
1963
1971
1977
1982
1991
2000
2007
2014
2025
2033
2040
2050
2058
2064
2071
2077
2083
2088
2093
2097
2100
2104
2106
2108
2109
2110
2110
2110
2110
2110
2109
2109
2109
2108
2108
2109
2109
2108
2110
2111
2112
2115
2117
2120
2121
2125
2128
2130
2134
2136
2138
2140
2142
2143
2144
2147
2148
2148
2150
2151
2152
2153
2155
2156
2157
2159
2160
2161
2163
2165
2166
2167
2171
2173
2175
2179
2182
2185
2189
2193
2197
2200
2207
2212
2217
2224
2232
2238
2245
2255
2263
2269
2281
2290
2298
2309
2319
2328
2337
2349
2359
2368
2379
2389
2398
2407
2417
2426
2434
2443
2451
2458
2465
2472
2478
2484
2489
2494
2498
2502
2505
2508
2511
2514
2517
2519
2524
2527
2530
2536
2541
2546
2553
2562
2569
2577
2589
2601
2611
2627
2643
2658
2675
2700
2721
2740
2773
2801
2827
2861
2897
2928
2961
3004
3041
3074
3119
3159
3195
3237
3282
3321
3359
3414
3461
3502
2792
2793
2793
2793
2793
2794
2793
2794
2794
2795
2795
2795
2795
2795
2796
2796
2796
2795
2796
2796
2796
2796
2796
2796
2795
2796
2795
2795
2795
2795
2795
2794
2794
2793
2793
2793
2792
2792
2792
2792
2792
2792
2792
2792
2792
2793
2793
2793
2793
2794
2794
2794
2795
2795
2795
2795
2795
2795
2795
2795
2795
2795
2795
2795
2795
2795
2795
2794
2794
2794
2793
2793
2793
2793
2793
2793
2793
2793
2793
2793
2793
2792
2793
2792
2792
2792
2791
2791
2791
2791
2791
2791
2792
2791
2791
2792
2792
2791
2791
2792
2791
2791
2791
2791
2790
2790
2791
2790
2790
2790
2790
2790
2790
2789
2788
2788
2788
2788
2788
2788
2787
2787
2787
2787
2786
2786
2786
2786
2786
2787
2787
2787
2787
2788
2788
2788
2788
2788
2788
2789
2788
2788
2788
2788
2788
2787
2787
2787
2786
2786
2786
2786
2786
2786
2786
2786
2786
2786
2785
2786
2786
2786
2785
2786
2786
2786
2786
2786
2786
2786
2786
2786
