[PREW 385 count_idx:5, count_value:21510]
2804
2804
2804
2804
2804
2804
2804
2804
2803
2803
2803
2803
2803
2803
2802
2802
2803
2803
2802
2803
2803
2803
2804
2805
2805
2807
2807
2808
2809
2809
2810
2810
2810
2811
2811
2811
2811
2811
2811
2811
2812
2812
2812
2813
2813
2813
2813
2813
2812
2813
2813
2813
2813
2813
2813
2813
2813
2814
2813
2814
2813
2813
2813
2813
2813
2813
2813
2813
2813
2813
2813
2814
2814
2814
2814
2814
2814
2814
2814
2814
2814
2814
2814
2814
2814
2814
2814
2814
2815
2815
2815
2815
2815
2816
2817
2817
2818
2818
2818
2818
2818
2818
2819
2818
2818
2818
2818
2817
2817
2817
2817
2816
2815
2815
2814
2813
2813
2812
2812
2811
2811
2810
2810
2810
2810
2810
2809
2809
2809
2809
2809
2809
2808
2809
2809
2809
2809
2809
2808
2809
2808
2808
2808
2807
2807
2807
2807
2807
2807
2806
2806
2806
2806
2806
2806
2806
2806
2806
2806
2806
2806
2806
2806
2806
2806
2806
2806
2806
2807
2806
2807
2807
2807
2807
2808
2807
2808
2808
2808
2809
2809
2809
2810
2810
2810
2811
2811
2811
2811
2811
2812
2812
2812
2813
2813
2813
2813
2814
2814
2814
2815
2815
2815
2816
2816
2817
2817
2818
2818
2818
2818
2818
2818
2819
2818
2818
2818
2818
2817
2817
2817
2816
2816
2816
2815
2815
2815
2815
2815
2814
2814
2814
2813
2813
2813
2813
2812
2812
2812
2812
2813
2813
2813
2813
2813
2814
2814
2815
2814
2815
2815
2815
2815
2816
2816
2816
2817
2817
2816
2817
2816
2815
2815
2815
2815
2815
2815
2815
2815
2815
2815
2815
2815
2815
2816
2816
2815
2816
2815
2815
2815
2815
2814
2814
2814
2814
2814
2814
2814
2814
2814
2814
2814
2815
2815
2814
2815
2815
2815
2816
2816
2816
2816
2816
2815
2815
2815
2815
2815
2815
2815
2815
2815
2816
2817
2817
2817
2817
2817
2817
2817
2817
2818
2818
2817
2817
2817
2817
2817
2817
2818
2818
2818
2819
2819
2819
2819
2819
2819
2820
2820
2820
2820
2820
2820
2820
2819
2819
2819
2819
2818
2819
2819
2820
2822
2825
2828
2834
2841
2848
2859
2873
2885
2902
2924
2942
2965
2995
3020
3048
3085
3116
3147
3187
3222
3255
3294
3328
3358
3393
3423
3448
3475
3497
3517
2801
2801
2801
2801
2801
2801
2801
2801
2801
2802
2803
2803
2804
2805
2805
2806
2807
2807
2808
2808
2808
2808
2809
2809
2809
2809
2809
2810
2810
2810
2810
2810
2810
2810
2810
2810
2810
2810
2810
2810
2810
2810
2809
2809
2809
2809
2809
2808
2808
2808
2808
2808
2808
2808
2808
2808
2808
2808
2809
2809
2809
2809
2809
2809
2809
2809
2809
2809
2809
2809
2809
2809
2809
2809
2810
2811
2811
2813
2813
2814
2815
2815
2816
2816
2816
2816
2816
2815
2815
2815
2814
2814
2813
2813
2812
2812
2811
2811
2810
2810
2809
2809
2809
2808
2808
2809
2808
2808
2809
2808
2808
2808
2807
2806
2807
2806
2806
2806
2806
2806
2806
2805
2806
2806
2806
2806
2807
2807
2807
2807
2807
2808
2808
2808
2808
2808
2808
2808
2808
2809
2809
2809
2809
2808
2809
2809
2810
2809
2810
2810
2809
2810
2810
2810
2810
2810
2810
2810
2810
2810
2810
2810
2810
2810
2810
2810
2810
2810
2810
2811
2810
2810
2811
2811
2811
2811
2811
2811
2811
2811
2811
2811
2812
2811
2811
2812
2812
2812
2812
2811
2811
2811
2811
2810
2811
2810
2810
2811
2811
2810
2811
2811
2811
2811
2811
2811
2811
2811
2810
2811
2811
2811
2812
2812
2813
2813
2814
2814
2814
2815
2815
2815
2816
2815
2816
2816
2816
2816
2817
2816
2816
2815
2815
2815
2815
2814
2813
2813
2812
2812
2812
2812
2812
2812
2812
2812
2812
2812
2812
2812
2812
2812
2812
2812
2811
2811
2810
2810
2810
2809
2808
2808
2808
2807
2807
2807
2807
2807
2807
2806
2806
2806
2806
2806
2806
2806
2805
2806
2805
2805
2805
2805
2804
2804
2804
2804
2805
2805
2805
2805
2805
2806
2806
2806
2806
2806
2806
2806
2806
2806
2806
2806
2806
2806
2806
2806
2806
2805
2805
2805
2805
2805
2805
2805
2805
2805
2805
2806
2806
2806
2806
2807
2807
2807
2808
2808
2808
2808
2808
2808
2808
2808
2807
2807
2806
2806
2806
2806
2805
2805
2805
2805
2804
2804
2804
2804
2804
2804
2804
2804
2804
2804
2804
2804
2804
2805
2804
2805
2804
2804
2804
2804
2803
2804
2803
2804
2804
2804
2804
2805
2805
2805
2806
2806
2806
2807
2808
2808
2809
2809
2809
2809
2809
2809
2809
2809
2809
2809
2809
2809
2809
2809
2809
2808
2808
2808
2807
2807
2806
2806
2806
2805
2805
2805
2805
2805
2805
2805
2805
2805
2805
2804
2804
2804
2804
[POSTW]
3529
3539
3548
3544
3539
3536
3518
3499
3482
3453
3421
3393
3356
3316
3281
3240
3196
3157
3116
3071
3032
2991
2948
2909
2870
2829
2790
2755
2719
2686
2657
2632
2609
2588
2573
2558
2545
2537
2529
2522
2519
2517
2514
2514
2515
2515
2517
2520
2522
2526
2529
2532
2534
2536
2537
2537
2535
2533
2529
2523
2518
2511
2502
2494
2486
2476
2467
2457
2445
2433
2421
2403
2387
2373
2350
2330
2312
2285
2261
2241
2212
2187
2164
2135
2107
2084
2055
2027
2004
1979
1954
1933
1915
1898
1884
1875
1869
1863
1862
1865
1866
1872
1882
1890
1900
1917
1931
1944
1965
1982
1998
2020
2038
2054
2074
2091
2104
2119
2131
2141
2150
2157
2163
2166
2168
2169
2169
2167
2166
2164
2160
2157
2154
2150
2146
2143
2140
2137
2134
2132
2129
2128
2128
2127
2127
2128
2128
2128
2129
2129
2129
2127
2125
2123
2119
2114
2110
2102
2094
2088
2076
2066
2057
2044
2032
2022
2011
2000
1990
1982
1974
1968
1963
1958
1954
1952
1950
1949
1950
1951
1953
1956
1961
1966
1971
1979
1985
1991
1999
2006
2012
2019
2024
2029
2034
2038
2041
2046
2049
2051
2054
2056
2058
2061
2062
2063
2066
2068
2069
2073
2077
2079
2085
2090
2094
2100
2106
2111
2117
2122
2126
2131
2134
2137
2140
2141
2143
2143
2142
2141
2140
2136
2133
2129
2123
2118
2113
2105
2098
2092
2085
2079
2073
2067
2062
2057
2051
2045
2040
2036
2031
2027
2025
2022
2019
2017
2014
2013
2011
2008
2007
2005
2002
2000
1998
1996
1994
1993
1992
1991
1991
1993
1994
1995
1999
2002
2004
2011
2017
2020
2029
2036
2042
2052
2060
2067
2077
2086
2093
2102
2109
2115
2122
2127
2131
2134
2137
2138
2139
2139
2139
2138
2137
2135
2133
2130
2128
2124
2119
2114
2110
2104
2099
2094
2090
2085
2081
2079
2075
2073
2071
2069
2067
2065
2063
2061
2059
2056
2054
2053
2051
2049
2046
2043
2041
2037
2033
2029
2025
2021
2018
2015
2013
2011
2011
2011
2011
2012
2015
2018
2020
2025
2029
2032
2040
2045
2050
2058
2065
2069
2077
2083
2088
2095
2101
2105
2111
2115
2118
2122
2124
2126
2128
2128
2129
2129
2128
2127
2126
2124
2122
2121
2119
2117
2115
2113
2111
2109
2108
2107
2105
2105
2104
2103
2102
2101
2100
2098
2096
2094
2094
2093
2092
2096
2099
2101
2109
2117
2123
2133
2141
2149
2157
2163
2169
2175
2181
2186
2195
2209
2220
2241
2272
2298
2333
2384
2428
2483
2568
2643
2723
2842
2946
3045
3181
3296
3397
3486
3565
3632
3691
3742
3787
3825
3858
3888
3913
3935
3954
3971
3986
3999
4010
4019
4028
4035
4041
4047
4052
4056
4059
4063
4066
4068
4070
4073
4074
4075
4077
4078
4079
4080
4080
4081
4082
4082
4082
4083
4083
4084
4084
4084
4085
4085
4085
4085
4085
4085
4086
4086
4086
4086
4086
4086
4086
4086
4086
4086
4086
4086
4086
4086
4086
4086
4086
4086
4086
4086
4087
4087
4086
4087
4087
4087
4087
4087
4087
4087
4087
4087
4087
4087
4087
4087
4087
4087
4087
4087
4087
4087
4086
4084
4072
4055
4041
4015
3985
3958
3924
3886
3853
3816
3776
3741
3705
3667
3634
3601
3566
3535
3505
3472
3441
3413
3379
3350
3322
3290
3261
3234
3204
3177
3153
3123
3097
3073
3047
3022
3000
2977
2957
2938
2921
2906
2893
2883
2875
2868
2864
2861
2858
2858
2859
2860
2862
2866
2869
2873
2877
2880
2884
2886
2889
2890
2889
2888
2886
2879
2873
2866
2856
2845
2836
2824
2812
2802
2789
2777
2766
2754
2742
2731
2719
2708
2697
2688
2679
2672
2666
2661
2657
2653
2651
2648
2646
2642
2639
2635
2630
2625
2619
2612
2605
2598
2589
2580
2572
2561
2550
2541
2529
2519
2509
2500
2492
2484
2478
2472
2467
2464
2461
2459
2459
2459
2459
2463
2466
2469
2474
2479
2483
2488
2494
2498
2502
2506
2509
2512
2514
2515
2516
2515
2515
2513
2510
2508
2504
2501
2497
2493
2488
2484
2480
2473
2466
2459
2449
2439
2430
2418
2407
2397
2387
2377
2368
2358
2348
2339
2329
2317
2307
2296
2285
2274
2264
2253
2244
2234
2224
2216
2208
2199
2191
2184
2176
2168
2162
2155
2150
2145
2142
2139
2136
2136
2136
2135
2137
2138
2138
2141
2144
2145
2150
2153
2156
2160
2163
2165
2167
2168
2170
2170
2170
2170
2169
2167
2165
2164
2161
2159
2156
2154
2152
2150
2148
2147
2145
2143
2142
2140
2138
2137
2135
2133
2132
2130
2129
2127
2126
2125
2123
2122
2120
2118
2116
2113
2108
2105
2101
2097
2093
2090
2087
2084
2082
2080
2078
2076
2075
2073
2073
2075
2076
2078
2083
2087
2092
2102
2109
2116
2129
2140
2149
2163
2175
2185
2199
2211
2221
2235
2246
2256
2268
2279
2288
2297
2306
2313
2320
2326
2331
2337
2341
2345
2349
2354
2358
2362
2368
2372
2377
2384
2389
2395
2403
2409
2415
2424
2432
2438
2448
2455
2462
2471
2479
2486
2495
2503
2511
2522
2532
2541
2554
2568
2580
2597
2615
2631
2653
2676
2698
2725
2755
2781
2812
2847
2878
2911
2948
2981
3013
3049
3080
3110
3142
3169
3194
3220
3241
3260
3278
3294
3307
3318
3328
3337
3343
3347
3352
3353
3353
3354
3351
3348
3346
3341
3337
3333
3328
3322
3317
3312
3305
3299
3293
3286
3280
3273
3266
3259
3252
3245
3239
3233
3227
3222
3216
3211
3206
3202
3197
3193
3189
3186
3184
3182
3181
3180
3180
3180
3179
3179
3179
3178
3178
3179
3178
3178
3178
3178
3178
3178
3177
3177
3176
3175
3174
3173
3171
3169
3167
3164
3161
3158
3154
3151
3147
3143
3139
3134
3129
3124
3119
3113
3107
3101
3094
3087
3080
3071
3063
3055
3046
3037
3029
3020
3010
3001
2992
2982
2973
2964
2953
2944
2935
2926
2918
2910
2902
2896
2889
2884
2879
2875
2871
2868
2865
2864
2862
2861
2861
2861
2861
2863
2865
2866
2868
2869
2870
2871
2872
2872
2872
2872
2872
2871
2870
2870
2869
2868
2867
2865
2864
2862
2860
2858
2855
2852
2850
2847
2844
2840
2837
2833
2829
2825
2820
2815
2810
2806
2800
2795
2789
2783
2776
2770
2763
2756
2749
2742
2734
2727
2720
2712
2705
2697
2690
2683
2676
2670
2664
2658
2653
2647
2643
2640
2636
2633
2632
2631
2630
2630
2631
2632
2635
2637
2640
2645
2650
2654
2661
2666
2671
2677
2683
2689
2695
2701
2706
2714
2720
2726
2733
2739
2745
2751
2757
2763
2770
2776
2782
2788
2794
2799
2804
2810
2815
2820
2824
2828
2832
2834
2836
2838
2839
2839
2840
2840
2839
2839
2838
2838
2837
2836
2834
2833
2832
2830
2829
2829
2828
2828
2828
2829
2829
2831
2834
2835
2838
2842
2845
2848
2852
2856
2860
2865
2868
2872
2877
2881
2885
2889
2893
2898
2902
2906
2910
2915
2919
2922
2927
2931
2934
2938
2942
2945
2949
2952
2954
2957
2959
2961
2963
2964
2964
2964
2964
2963
2962
2961
2960
2957
2954
2951
2947
2942
2938
2933
2927
2921
2915
2907
2901
2894
2885
2877
2869
2861
2852
2844
2835
2826
2818
2810
2802
2795
2788
2781
2775
2770
2764
2759
2755
2751
2747
2744
2740
2738
2736
2734
2732
2731
2730
2729
2729
2729
2729
2730
2730
2730
2730
2731
2731
2732
2733
2733
2733
2733
2733
2733
2733
2732
2732
2731
2730
2729
2728
2726
2725
2723
2722
2720
2718
2715
2713
2710
2707
2704
2701
2697
2694
2691
2687
2683
2680
2676
2673
2669
2666
2662
2659
2656
2653
2651
2648
2646
2644
2643
2641
2639
2639
2639
2638
2640
2641
2642
2645
2647
2649
2653
2657
2660
2665
2669
2674
2679
2684
2689
2694
2700
2705
2709
2714
2718
2722
2726
2730
2733
2736
2739
2741
2744
2746
2748
2750
2751
2752
2752
2753
2753
2753
2752
2752
2751
2750
2749
2748
2747
2745
2743
2741
2739
2736
2733
2730
2727
2724
2721
2718
2715
2712
2709
2706
2704
2702
2700
2699
2697
2696
2694
2693
2692
2691
2690
2690
2689
2689
2689
2690
2690
2691
2692
2693
2695
2696
2698
2700
2702
2704
2707
2710
2712
2716
2720
2722
2727
2731
2736
2741
2747
2751
2757
2764
2769
2775
2783
2789
2795
2803
2810
2816
2824
2831
2838
2846
2853
2860
2869
2876
2883
2891
2898
2905
2913
2920
2927
2934
2941
2948
2955
2961
2967
2974
2980
2986
2993
2999
3005
3012
3019
3026
3033
3041
3048
3056
3065
3073
3081
3091
3099
3107
3118
3126
3134
3145
3154
3162
3172
3181
3189
3200
3209
3217
3228
3236
3244
3254
3263
3271
3280
3288
3296
3305
3313
3320
3329
3336
3343
3351
3359
3365
3373
3380
3386
3392
3399
3404
3409
3413
3418
3421
3425
3428
3430
3433
3435
3436
3438
3439
3439
3439
3438
3437
3436
3435
3434
3431
3428
3425
3422
3418
3415
3411
3407
3403
3399
3395
3391
3388
3384
3380
3377
3373
3370
3366
3363
3359
3356
3352
3348
3345
3341
3337
3334
3330
3326
3323
3319
3315
3311
3307
3303
3299
3295
3292
3288
3285
3282
3280
3277
3274
3272
3270
3267
3265
3263
3260
3258
3256
3253
3251
3249
3246
3244
3241
3239
3236
3234
3231
3228
3225
3222
3218
3215
3212
3208
3205
3201
3197
3194
3191
3187
3184
3181
3177
3174
3172
3169
3166
3163
3160
3158
3155
3152
3149
3146
3143
3141
3139
3136
3134
3132
3130
3128
3127
3125
3124
3122
3121
3120
3118
3117
3116
3115
3115
3114
3114
3114
3114
3114
3115
3115
3115
3115
3115
3115
3116
3115
3115
3115
3114
3114
3114
3113
3113
3111
3109
3108
3106
3104
3102
3101
3098
3096
3094
3091
3088
3085
3082
3080
3076
3073
3070
3068
3065
3062
3060
3057
3054
3051
3048
3045
3042
3038
3034
3031
3027
3024
3020
3017
3013
3010
3005
3000
2996
2991
2986
2982
2977
2972
2968
2963
2959
2954
2950
2946
2941
2936
2930
2925
2920
2914
2909
2903
2897
2892
2886
2880
2875
2869
2863
2857
2851
2844
2838
2832
2824
2818
2811
2804
2797
2790
2782
2775
2768
2759
2751
2744
2735
2726
2717
2709
2699
2691
2682
2673
2665
2656
2647
2639
2631
2623
2615
2607
2600
2592
2585
2578
2571
2565
2558
2552
2546
2539
2533
2527
2522
2516
2510
2505
2499
2493
2488
2482
2477
2472
2467
2463
2459
2455
2451
2447
2443
2440
2436
2433
2429
2426
2422
2419
2416
2414
2411
2409
2406
2404
2401
2400
2398
2396
2395
2394
2393
2392
2391
2390
2391
2391
2390
2391
2391
2391
2391
2392
2392
2393
2393
2394
2395
2397
2398
2400
2401
2402
2404
2405
2406
2407
2408
2409
2411
2413
2414
2416
2418
2419
2421
2424
2425
2427
