2804
2804
2804
2804
2804
2804
2804
2804
2803
2803
2803
2803
2803
2803
2802
2802
2803
2803
2802
2803
2803
2803
2804
2805
2805
2807
2807
2808
2809
2809
2810
2810
2810
2811
2811
2811
2811
2811
2811
2811
2812
2812
2812
2813
2813
2813
2813
2813
2812
2813
2813
2813
2813
2813
2813
2813
2813
2814
2813
2814
2813
2813
2813
2813
2813
2813
2813
2813
2813
2813
2813
2814
2814
2814
2814
2814
2814
2814
2814
2814
2814
2814
2814
2814
2814
2814
2814
2814
2815
2815
2815
2815
2815
2816
2817
2817
2818
2818
2818
2818
2818
2818
2819
2818
2818
2818
2818
2817
2817
2817
2817
2816
2815
2815
2814
2813
2813
2812
2812
2811
2811
2810
2810
2810
2810
2810
2809
2809
2809
2809
2809
2809
2808
2809
2809
2809
2809
2809
2808
2809
2808
2808
2808
2807
2807
2807
2807
2807
2807
2806
2806
2806
2806
2806
2806
2806
2806
2806
2806
2806
2806
2806
2806
2806
2806
2806
2806
2806
2807
2806
2807
2807
2807
2807
2808
2807
2808
2808
2808
2809
2809
2809
2810
2810
2810
2811
2811
2811
2811
2811
2812
2812
2812
2813
2813
2813
2813
2814
2814
2814
2815
2815
2815
2816
2816
2817
2817
2818
2818
2818
2818
2818
2818
2819
2818
2818
2818
2818
2817
2817
2817
2816
2816
2816
2815
2815
2815
2815
2815
2814
2814
2814
2813
2813
2813
2813
2812
2812
2812
2812
2813
2813
2813
2813
2813
2814
2814
2815
2814
2815
2815
2815
2815
2816
2816
2816
2817
2817
2816
2817
2816
2815
2815
2815
2815
2815
2815
2815
2815
2815
2815
2815
2815
2815
2816
2816
2815
2816
2815
2815
2815
2815
2814
2814
2814
2814
2814
2814
2814
2814
2814
2814
2814
2815
2815
2814
2815
2815
2815
2816
2816
2816
2816
2816
2815
2815
2815
2815
2815
2815
2815
2815
2815
2816
2817
2817
2817
2817
2817
2817
2817
2817
2818
2818
2817
2817
2817
2817
2817
2817
2818
2818
2818
2819
2819
2819
2819
2819
2819
2820
2820
2820
2820
2820
2820
2820
2819
2819
2819
2819
2818
2819
2819
2820
2822
2825
2828
2834
2841
2848
2859
2873
2885
2902
2924
2942
2965
2995
3020
3048
3085
3116
3147
3187
3222
3255
3294
3328
3358
3393
3423
3448
3475
3497
3517
2801
2801
2801
2801
2801
2801
2801
2801
2801
2802
2803
2803
2804
2805
2805
2806
2807
2807
2808
2808
2808
2808
2809
2809
2809
2809
2809
2810
2810
2810
2810
2810
2810
2810
2810
2810
2810
2810
2810
2810
2810
2810
2809
2809
2809
2809
2809
2808
2808
2808
2808
2808
2808
2808
2808
2808
2808
2808
2809
2809
2809
2809
2809
2809
2809
2809
2809
2809
2809
2809
2809
2809
2809
2809
2810
2811
2811
2813
2813
2814
2815
2815
2816
2816
2816
2816
2816
2815
2815
2815
2814
2814
2813
2813
2812
2812
2811
2811
2810
2810
2809
2809
2809
2808
2808
2809
2808
2808
2809
2808
2808
2808
2807
2806
2807
2806
2806
2806
2806
2806
2806
2805
2806
2806
2806
2806
2807
2807
2807
2807
2807
2808
2808
2808
2808
2808
2808
2808
2808
2809
2809
2809
2809
2808
2809
2809
2810
2809
2810
2810
2809
2810
2810
2810
2810
2810
2810
2810
2810
2810
2810
2810
2810
2810
2810
2810
2810
2810
2810
2811
2810
2810
2811
2811
2811
2811
2811
2811
2811
2811
2811
2811
2812
2811
2811
2812
2812
2812
2812
2811
2811
2811
2811
2810
2811
2810
2810
2811
2811
2810
2811
2811
2811
2811
2811
2811
2811
2811
2810
2811
2811
2811
2812
2812
2813
2813
2814
2814
2814
2815
2815
2815
2816
2815
2816
2816
2816
2816
2817
2816
2816
2815
2815
2815
2815
2814
2813
2813
2812
2812
2812
2812
2812
2812
2812
2812
2812
2812
2812
2812
2812
2812
2812
2812
2811
2811
2810
2810
2810
2809
2808
2808
2808
2807
2807
2807
2807
2807
2807
2806
2806
2806
2806
2806
2806
2806
2805
2806
2805
2805
2805
2805
2804
2804
2804
2804
2805
2805
2805
2805
2805
2806
2806
2806
2806
2806
2806
2806
2806
2806
2806
2806
2806
2806
2806
2806
2806
2805
2805
2805
2805
2805
2805
2805
2805
2805
2805
2806
2806
2806
2806
2807
2807
2807
2808
2808
2808
2808
2808
2808
2808
2808
2807
2807
2806
2806
2806
2806
2805
2805
2805
2805
2804
2804
2804
2804
2804
2804
2804
2804
2804
2804
2804
2804
2804
2805
2804
2805
2804
2804
2804
2804
2803
2804
2803
2804
2804
2804
2804
2805
2805
2805
2806
2806
2806
2807
2808
2808
2809
2809
2809
2809
2809
2809
2809
2809
2809
2809
2809
2809
2809
2809
2809
2808
2808
2808
2807
2807
2806
2806
2806
2805
2805
2805
2805
2805
2805
2805
2805
2805
2805
2804
2804
2804
2804
