3567
3608
3650
3686
3720
3763
3798
3829
3861
3889
3912
3933
3952
3968
3982
3995
4006
4015
4024
4032
4038
4044
4049
4054
4058
4061
4064
4067
4069
4071
4073
4075
4076
4077
4078
4079
4080
4081
4081
4082
4082
4083
4083
4084
4084
4084
4084
4085
4085
4085
4085
4085
4085
4085
4086
4086
4086
4086
4086
4086
4086
4086
4086
4086
4086
4086
4086
4085
4085
4085
4084
4083
4082
4081
4079
4071
4060
4050
4038
4016
3997
3981
3953
3927
3904
3877
3847
3821
3796
3764
3737
3713
3683
3656
3632
3608
3582
3559
3539
3515
3494
3475
3455
3435
3418
3401
3382
3366
3352
3334
3318
3303
3288
3271
3257
3242
3226
3211
3197
3182
3167
3155
3142
3129
3117
3106
3095
3085
3075
3066
3056
3047
3038
3029
3021
3013
3004
2996
2988
2980
2971
2963
2954
2945
2936
2928
2918
2908
2899
2889
2878
2869
2859
2849
2838
2829
2819
2809
2800
2791
2782
2774
2766
2757
2749
2742
2735
2728
2721
2714
2708
2702
2696
2691
2684
2679
2674
2667
2662
2656
2650
2644
2638
2632
2625
2619
2613
2606
2600
2594
2588
2582
2576
2570
2564
2558
2553
2547
2541
2536
2531
2525
2520
2515
2509
2504
2499
2493
2488
2483
2476
2469
2463
2457
2449
2443
2436
2428
2421
2415
2408
2401
2395
2389
2384
2379
2374
2370
2367
2363
2361
2359
2356
2355
2354
2353
2352
2353
2353
2353
2355
2357
2358
2359
2362
2363
2365
2368
2370
2372
2375
2378
2380
2383
2387
2390
2393
2398
2402
2406
2410
2416
2420
2424
2432
2438
2443
2452
2460
2466
2475
2484
2492
2499
2510
2519
2527
2537
2547
2556
2565
2576
2585
2593
2605
2615
2624
2635
2645
2655
2664
2675
2684
2693
2705
2715
2723
2734
2744
2754
2763
2774
2784
2793
2804
2813
2822
2832
2842
2851
2859
2870
2879
2887
2897
2906
2914
2923
2932
2940
2947
2956
2964
2970
2978
2985
2991
2997
3003
3008
3012
3016
3020
3023
3026
3029
3031
3033
3036
3037
3038
3039
3039
3040
3040
3039
3039
3038
3037
3036
3035
3033
3031
3030
3028
3026
3025
3023
3021
3019
3017
3015
3013
3011
3010
3009
3007
3006
3005
3004
3003
3003
3002
3002
3001
3001
3000
2999
2999
2998
2997
2996
2995
2993
2992
2990
2989
2986
2984
2981
2979
2977
2974
2972
2969
2967
2965
2962
2961
2958
2956
2954
2952
2950
2948
2946
2944
2942
2940
2938
2936
2934
2932
2929
2926
2923
2920
2917
2914
2910
2906
2902
2897
2892
2887
2882
2876
2870
2864
2858
2852
2846
2840
2834
2829
2823
2818
2812
2807
2803
2798
2794
2790
2786
2782
2778
2775
2772
2768
2765
2762
2759
2756
2753
2750
2747
2744
2741
2739
2735
2732
2729
2726
2722
2719
2715
2711
2707
2704
2700
2696
2693
2689
2685
2681
2678
2674
2671
2668
2665
2661
2658
2656
2652
2650
2647
2644
2641
2639
2636
2633
2631
2628
2625
2623
2619
2617
2615
2612
2610
2607
2605
2603
2600
2598
2596
2593
2590
2588
2585
2582
2580
2577
2574
2571
2569
2566
2563
2561
2557
2554
2551
2548
2545
2542
2539
2536
2532
2529
2527
2524
2521
2518
2515
2513
2510
2508
2506
2503
2501
2499
2497
2494
2492
2490
2488
2485
2482
2480
2477
2474
2470
2467
2464
2460
2457
2454
2450
2446
2443
2440
2437
2434
2431
2428
2425
2423
2421
2419
2417
2417
2416
2415
2416
2416
2417
2417
2419
2420
2421
2423
2425
2427
2429
2431
2434
2436
2439
2442
2444
2448
2451
2454
2458
2463
2466
2469
2474
2478
2482
2486
2490
2493
2497
2501
2505
2508
2513
2517
2520
2525
2528
2532
2535
2540
2543
2546
2550
2554
2556
2560
2564
2567
2569
2573
2576
2578
2581
2584
2586
2588
2590
2592
2594
2596
2597
2598
2600
2601
2601
2602
2603
2604
2604
2605
2605
2605
2605
2605
2605
2605
2605
2604
2603
2603
2602
2601
2600
2599
2598
2597
2597
2596
2595
2594
2593
2592
2591
2590
2589
2587
2587
2586
2586
2585
2584
2583
2582
2581
2580
2579
2578
2577
2577
2576
2575
2574
2574
2573
2573
2572
2572
2572
2571
2571
2571
2570
2570
2570
2570
2569
2569
2569
2569
2569
2569
2569
2568
2569
2569
2568
2569
2569
2570
2571
2572
2572
2573
2575
2576
2577
2580
2581
2583
2584
2587
2589
2590
2594
2596
2598
2601
2604
2607
2610
2614
2617
2621
2626
2630
2634
2639
2644
2649
2654
2660
2665
2670
2676
2681
2685
2691
2696
2701
2704
2710
2715
2719
2725
2730
2735
2739
2744
2748
2752
2757
2762
2765
2770
2774
2778
2781
2786
2790
2793
2798
2802
2806
2810
2814
2818
2821
2826
2829
2833
2837
2841
2845
2849
2853
2857
2861
2866
2871
2876
2881
2886
2890
2895
2900
2905
2909
2915
2920
2925
2930
2936
2941
2946
2952
2956
2961
2966
2971
2975
2979
2984
2988
2991
2996
2999
3002
3006
3009
3011
3015
3018
3021
3023
3026
3029
3031
3033
3036
3037
3039
3041
3042
3043
3044
3044
3045
3045
3045
3045
3045
3044
3043
3043
3042
3041
3039
3038
3037
3035
3033
3032
3030
3028
3026
3023
3021
3019
3017
3015
3013
3011
3009
3007
3005
3003
3001
2998
2997
2995
2993
2991
2989
2987
2986
2984
2982
2980
2978
2976
2974
2973
2972
2970
2969
2968
2967
2965
2965
2964
2964
2964
2964
2964
2964
2964
2964
2963
2964
2964
2964
2964
2965
2965
2965
2965
2965
2965
2966
2966
2965
2965
2965
2965
2964
2964
2963
2963
2962
2961
2960
2958
2956
2954
2952
2950
2947
2944
2941
2937
2934
2931
2928
2925
2922
2918
2915
2911
2908
2904
2901
2897
2894
2890
2886
2882
2877
2873
2869
2865
2861
2857
2853
2849
2845
2841
2837
2834
2830
2826
2823
2819
2816
2812
2810
2807
2804
2802
2799
2797
2795
2793
2793
2791
2790
2790
2789
2789
2789
2790
2790
2791
2792
2793
2794
2796
2798
2799
2801
2804
2806
2808
2811
2814
2816
2820
2823
2826
2828
2833
2836
2839
2843
2847
2851
2855
2860
2864
2868
2874
2879
2884
2890
2896
2901
2906
2914
2919
2925
2933
2940
2947
2954
2962
2968
2974
2982
2989
2996
3003
3010
3016
3023
3029
3035
3040
3048
3053
3058
3064
3070
3075
3080
3085
3090
3094
3099
3103
3107
3111
3115
3118
3122
3125
3128
3130
3133
3135
3136
3138
3139
3139
3139
3140
3140
3140
3140
3140
3139
3139
3138
3137
3136
3135
3134
3133
3131
3130
3128
3127
3125
3123
3121
3119
3117
3115
3112
3110
3108
3105
3102
3100
3097
3094
3092
3089
3086
3082
3079
3076
3073
3069
3066
3063
3059
3056
3053
3050
3047
3044
3041
3037
3034
3031
3027
3023
3019
3015
3011
3007
3003
2998
2994
2988
2983
2978
2972
2966
2960
2955
2948
2941
2935
2929
2922
2915
2909
2902
2895
2889
2883
2877
2871
2865
2858
2852
2846
2840
2835
2829
2824
2818
2812
2807
2801
2796
2792
2787
2782
2777
2773
2768
2764
2759
2755
2751
2747
2744
2740
2736
2733
2730
2727
2724
2721
2719
2716
2714
2712
2709
2708
2706
2704
2702
2701
2700
2699
2698
2697
2697
2696
2696
2696
2696
2697
2697
2697
2698
2698
2699
2699
2701
2701
2702
2704
2704
2705
2706
2708
2708
2710
2712
2714
2716
2719
2722
2724
2727
2730
2732
2734
2738
2741
2743
2747
2751
2754
2757
2761
2764
2767
2771
2775
2778
2782
2785
2788
2792
2795
2799
2801
2805
2808
2811
2814
2817
2819
2821
2824
2826
2828
2830
2831
2833
2834
2835
2836
2837
2838
2839
2839
2840
2840
2841
2841
2841
2840
2840
2840
2839
2839
2838
2837
2836
2836
2835
2835
2833
2833
2832
2831
2830
2829
2829
2828
2828
2827
2827
2827
2826
2825
2824
2823
2822
2821
2821
2819
2818
2818
2816
2815
2814
2813
2812
2811
2811
2810
2810
2810
2809
2809
2809
2809
2808
2808
2808
2807
2806
2806
2805
2804
2803
2802
2800
2799
2797
2795
2794
2792
2790
2788
2786
2784
2781
2779
2777
2774
2771
2768
2766
2763
2761
2758
2755
2753
2750
2746
2743
2741
2738
2735
2732
2730
2727
2724
2721
2718
2715
2712
2709
2705
2702
2700
2697
2695
2693
2690
2688
2685
2683
2681
2679
2678
2676
2674
2672
2671
2669
2667
2665
2664
2662
2660
2658
2657
2655
2654
2652
2651
2650
2649
2648
2648
2647
2646
2646
2646
2646
2645
2645
2645
2645
2644
2644
2644
2643
2644
2643
2643
2643
2643
2643
2643
2643
2642
2642
2642
2642
2642
2642
2642
2641
2641
2641
2642
2642
2642
2642
2642
2643
2643
2644
2644
2645
2645
2646
2647
2648
2649
2650
2651
2651
2651
2653
2654
2654
2655
2656
2656
2657
2659
2660
2661
2663
2664
2665
2666
2667
2667
2668
2669
2669
2670
2671
2671
2672
2673
2673
2674
2674
2675
2675
2675
2676
2677
2677
2679
2680
2681
2682
2683
2684
2685
2686
2688
2689
2690
2691
2692
2693
2695
2696
2698
2699
2701
2703
2704
2707
2709
2710
2714
2716
2718
2721
2723
2725
2728
2732
2734
2737
2741
2745
2748
2752
2756
2759
2762
2766
2769
2772
2776
2779
2782
2785
2789
2792
2794
2798
2802
2805
2808
2812
2815
2818
2822
2825
2828
2831
2834
2836
2839
2841
2843
2845
2848
2849
2851
2853
2855
2856
2858
2860
2861
2862
2864
2864
2866
2867
2867
2868
2868
2869
2869
2869
2870
2870
2870
2870
2869
2869
2868
2867
2867
2866
2865
2864
2862
2861
2860
2859
2858
2856
2854
2853
2852
2850
2848
2846
2844
2842
2840
2838
2836
2834
2832
2830
2828
2826
2824
2822
2820
2819
2818
2816
2815
2814
2813
2811
2810
2809
2808
2808
2807
2806
2805
2805
2804
2803
2802
2802
2801
2801
2800
2799
2798
2798
2797
2796
2797
2796
2796
2796
2795
2795
2794
2794
2794
2793
2793
2793
2792
2793
2793
2792
2793
2794
2793
2793
2794
2795
2795
2796
2796
2797
2797
2798
2798
2798
2799
2800
2801
2803
2804
2805
2806
2808
2809
2810
2812
2814
2815
2817
2818
2820
2821
2822
2824
2825
2827
2828
2829
2830
2833
2835
2837
2839
2841
2843
2846
2848
2850
2851
2854
2856
2857
2859
2862
2863
2866
2868
2870
2872
2875
2877
2879
2882
2884
2886
2889
2892
2895
2897
2900
2902
2905
2907
2910
2911
2913
2916
2918
2920
2922
2925
2926
2928
2930
2932
2933
2936
2937
2939
2940
2941
2942
2944
2945
2946
2947
2948
2950
2950
2951
2951
2952
2952
2952
2952
2952
2952
2951
2950
2950
2950
2949
2948
2948
2946
2945
2943
2942
2941
2939
2938
2937
2935
2933
2931
2929
2927
2925
2923
2921
2920
2917
2915
2913
2911
2909
2906
2904
2902
2899
2896
2893
2890
2888
2885
2883
2880
2878
2875
2873
2870
2868
