2123
2124
2125
2126
2126
2126
2126
2125
2123
2122
2119
2116
2114
2111
2107
2104
2101
2098
2093
2090
2087
2084
2081
2078
2076
2073
2071
2070
2068
2067
2066
2066
2065
2065
2065
2064
2063
2062
2062
2061
2061
2061
2060
2059
2060
2059
2059
2061
2062
2063
2065
2070
2073
2075
2082
2089
2094
2102
2113
2122
2130
2147
2162
2174
2194
2214
2231
2250
2275
2296
2314
2342
2366
2387
2411
2438
2461
2483
2512
2537
2559
2589
2617
2642
2670
2701
2729
2755
2790
2820
2847
2882
2915
2945
2977
3015
3048
3077
3119
3155
3187
3227
3266
3301
3336
3379
3416
3448
3494
3533
2793
2793
2792
2791
2790
2790
2789
2788
2788
2787
2786
2787
2786
2786
2786
2785
2785
2785
2786
2785
2785
2785
2785
2785
2785
2785
2784
2784
2784
2783
2783
2783
2782
2782
2782
2782
2782
2782
2782
2783
2783
2783
2784
2784
2784
2785
2785
2785
2787
2787
2787
2788
2788
2788
2788
2789
2789
2789
2789
2788
2788
2788
2788
2788
2787
2787
2787
2786
2786
2785
2785
2784
2784
2783
2783
2783
2782
2782
2782
2782
2782
2783
2783
2783
2783
2784
2784
2784
2785
2785
2785
2786
2786
2787
2787
2788
2788
2788
2789
2789
2789
2789
2790
2789
2789
2789
2789
2788
2788
2788
2788
2787
2788
2788
2788
2788
2788
2788
2788
2789
2788
2788
2789
2788
2788
2788
2788
2787
2787
2787
2787
2787
2787
2787
2786
2786
2786
2786
2785
2786
2786
2786
2787
2787
2787
2788
2788
2789
2789
2790
2790
2790
2790
2791
2791
2791
2791
2791
2791
2792
2791
2791
2791
2791
2791
2790
2791
2791
2790
2791
2791
2791
2791
2791
2791
2791
2791
2791
2791
2791
2791
2791
2791
2791
2791
2791
2791
2791
2791
2792
2792
2792
2792
2792
2792
2792
2793
2793
2793
2793
2793
2793
2793
2793
2792
2792
2792
2792
2791
2791
2791
2791
2790
2791
2790
2790
2790
2790
2789
2790
2789
2789
2789
2790
2790
2790
2790
2790
2790
2790
2790
2790
2789
2790
2790
2790
2790
2790
2790
2790
2791
2791
2791
2791
2791
2792
2792
2793
2793
2793
2794
2794
2794
2795
2795
2796
2796
2797
2797
2797
2797
2797
2797
2797
2797
2797
2797
2797
2797
2797
2798
2798
2798
2798
2798
2798
2797
2798
2797
2797
2798
2798
2798
2799
2799
2799
2799
2800
2800
2800
2801
2801
2801
2801
2801
2802
2801
2802
2802
2802
2802
2802
2802
2802
2802
2801
2801
2800
2799
2798
2797
2796
2795
2795
2794
2794
2793
2793
2792
2791
2791
2790
2790
2789
2789
2789
2789
2789
2789
2788
2789
2788
2788
2788
2787
2787
2786
2786
2785
2784
2784
2784
2784
2783
2783
2783
2783
2783
2783
2783
2783
2783
2783
2783
2783
2783
2782
2782
2782
2782
2782
2782
2782
2782
2783
2783
2784
2784
2785
2786
2786
2787
2787
2787
2788
2788
2788
2788
2789
2789
2788
2789
2789
2789
2788
2788
2787
2786
2785
2783
2781
2779
2776
2774
2771
2769
2767
2764
2763
2761
2760
2760
2759
2759
2759
2761
2762
2764
2769
2773
2776
2783
2790
2796
2803
2812
2820
2827
2839
2848
2856
2867
2877
2885
2894
2903
2911
2918
2927
2934
2940
2948
2954
2960
2965
2973
2979
2985
2993
3000
3007
3016
3027
3037
3046
3061
3075
3087
3104
3122
3137
3153
3173
3189
3204
3223
3239
3253
3267
3281
3293
3304
3314
3323
3331
3336
3341
3345
3347
3347
3347
3346
3342
3337
3333
3324
3315
3307
3298
3286
3275
3264
3250
3237
3226
3211
3196
3183
3168
3151
3136
3122
3104
3087
3073
3056
3038
3023
3007
2990
2975
2961
2945
2930
2917
2903
2889
2877
2865
2853
2841
2831
2819
2806
2796
2784
2771
2759
2748
2733
2719
2707
2691
2675
2660
2644
2626
2609
2593
2572
2553
2535
2515
2494
2475
2457
2436
2418
2401
2384
2369
2355
2342
2329
2317
2307
2297
2288
2280
2273
2267
2261
2256
2252
2247
2243
2239
2235
2232
2228
2224
2221
2217
2214
2211
2208
2205
2202
2200
2198
2196
2194
2192
2191
2190
2188
2189
2189
2189
2189
2189
2188
2188
2187
2187
2186
2185
2182
2181
2178
2176
2173
2170
2166
2162
2158
2153
2147
2142
2137
2131
2125
2120
2117
2113
2109
2107
2105
2103
2101
2102
2101
2101
2104
2106
2107
2111
2115
2119
2122
2128
2132
2135
2140
2144
2148
2151
2155
2157
2159
2162
2163
2165
2165
2165
2164
2163
2161
2159
2157
2154
2151
2148
2144
2140
2136
2133
2129
2126
2122
2120
2117
2114
2112
2109
2106
2104
2103
2101
2099
2098
2097
2095
2094
2094
2093
2092
2092
2092
2091
2092
2093
2093
2093
2095
2096
2096
2099
2100
2101
2104
2107
2109
2111
2114
2116
2117
2120
2121
2122
