[PREW 369 count_idx:8, count_value:-24647]
2803
2803
2803
2803
2804
2804
2804
2804
2804
2804
2804
2804
2804
2803
2803
2803
2802
2802
2802
2802
2801
2800
2800
2800
2799
2799
2799
2799
2799
2798
2798
2798
2798
2797
2797
2797
2797
2797
2797
2797
2797
2796
2796
2796
2796
2796
2796
2796
2795
2795
2795
2795
2795
2795
2795
2795
2795
2795
2796
2796
2796
2796
2797
2797
2797
2797
2797
2797
2797
2797
2798
2797
2798
2798
2798
2798
2798
2798
2798
2799
2799
2799
2799
2800
2800
2800
2800
2801
2800
2800
2800
2800
2799
2799
2798
2798
2798
2798
2798
2798
2799
2799
2799
2799
2799
2799
2799
2799
2799
2798
2798
2798
2798
2797
2797
2797
2797
2797
2796
2796
2796
2796
2796
2796
2796
2796
2796
2796
2797
2797
2797
2797
2797
2798
2798
2798
2799
2799
2799
2799
2799
2799
2799
2799
2800
2800
2800
2801
2802
2802
2803
2803
2803
2803
2803
2803
2802
2802
2802
2801
2801
2801
2800
2800
2800
2800
2799
2799
2799
2798
2799
2798
2798
2798
2798
2798
2798
2798
2797
2797
2797
2797
2796
2795
2795
2794
2794
2794
2793
2793
2793
2792
2792
2792
2792
2791
2790
2790
2789
2789
2789
2788
2788
2788
2788
2788
2787
2788
2787
2788
2788
2788
2788
2789
2789
2789
2790
2790
2790
2790
2790
2791
2791
2791
2791
2792
2792
2792
2792
2792
2792
2792
2793
2793
2793
2793
2793
2793
2793
2793
2793
2793
2794
2794
2794
2794
2794
2794
2794
2794
2794
2793
2792
2791
2791
2790
2790
2790
2789
2789
2789
2789
2789
2788
2788
2788
2788
2788
2789
2789
2789
2789
2790
2790
2790
2790
2790
2790
2790
2790
2790
2790
2790
2790
2790
2790
2791
2791
2792
2792
2793
2793
2794
2795
2795
2796
2797
2797
2798
2798
2798
2799
2799
2799
2799
2799
2799
2798
2798
2798
2798
2798
2798
2799
2799
2800
2801
2802
2802
2803
2802
2802
2800
2799
2797
2793
2789
2785
2779
2773
2768
2759
2750
2743
2733
2722
2712
2702
2690
2678
2667
2655
2643
2633
2625
2619
2614
2612
2615
2618
2622
2637
2651
2663
2691
2716
2739
2777
2820
2857
2910
2979
3040
3104
3207
3292
3368
3459
3540
2791
2791
2791
2791
2791
2792
2792
2792
2792
2792
2792
2792
2792
2792
2792
2792
2792
2792
2792
2792
2792
2792
2792
2792
2792
2792
2792
2792
2792
2792
2792
2792
2792
2792
2792
2792
2792
2791
2792
2791
2792
2792
2792
2792
2792
2792
2792
2793
2793
2794
2794
2794
2795
2795
2795
2795
2795
2796
2795
2796
2797
2797
2798
2798
2798
2798
2798
2798
2798
2797
2797
2796
2796
2796
2795
2795
2795
2795
2795
2794
2794
2794
2793
2793
2793
2793
2792
2792
2792
2792
2792
2792
2792
2791
2791
2791
2790
2790
2790
2789
2789
2789
2789
2789
2789
2790
2790
2790
2790
2790
2791
2791
2791
2791
2791
2791
2790
2790
2790
2790
2790
2790
2790
2790
2791
2791
2791
2791
2791
2792
2791
2791
2792
2792
2792
2792
2792
2792
2792
2792
2792
2791
2791
2791
2791
2790
2790
2790
2789
2790
2790
2789
2789
2790
2790
2790
2790
2790
2790
2790
2790
2790
2790
2790
2790
2790
2790
2790
2790
2791
2791
2791
2792
2792
2792
2792
2793
2793
2793
2794
2794
2794
2795
2795
2795
2795
2795
2795
2794
2794
2794
2793
2792
2792
2791
2791
2790
2790
2789
2789
2788
2788
2788
2787
2787
2787
2788
2787
2788
2788
2789
2789
2789
2790
2790
2790
2791
2791
2791
2791
2791
2791
2791
2791
2791
2791
2791
2791
2791
2791
2790
2790
2791
2791
2791
2792
2792
2793
2793
2794
2794
2794
2795
2795
2795
2795
2794
2795
2795
2795
2795
2795
2795
2795
2796
2796
2796
2797
2797
2797
2798
2798
2798
2798
2798
2799
2799
2798
2798
2798
2799
2799
2799
2799
2799
2799
2799
2799
2800
2800
2801
2801
2801
2802
2802
2802
2802
2803
2803
2803
2803
2803
2803
2803
2802
2802
2801
2801
2800
2800
2800
2799
2799
2798
2798
2798
2797
2797
2796
2796
2796
2795
2795
2795
2794
2795
2795
2795
2795
2795
2794
2795
2795
2795
2795
2796
2796
2796
2797
2797
2798
2799
2799
2799
2799
2799
2800
2799
2800
2800
2800
2800
2800
2800
2800
2801
2801
2801
2801
2801
2801
2801
2802
2801
2802
2802
2803
2803
2803
2804
2804
2805
2805
2805
2805
2805
2804
2804
2804
2804
2804
2804
2803
2803
2803
2803
2803
2803
2803
2803
2803
2804
2804
2804
2805
2805
2805
2806
2806
2806
2806
2807
2806
2806
2806
2806
2806
2806
2806
2805
2805
2805
2805
2805
2805
2805
2805
2804
2804
2804
2804
2804
2803
2804
2804
2803
2803
2803
2803
2803
2803
2803
2803
2803
2803
2803
2803
2802
2802
2803
2803
[POSTW]
3609
3670
3724
3771
3811
3846
3876
3903
3926
3946
3964
3979
3993
4005
4014
4023
4031
4039
4044
4049
4053
4058
4061
4064
4067
4069
4071
4073
4074
4076
4077
4078
4079
4080
4081
4081
4081
4075
4070
4066
4043
4019
3998
3965
3924
3890
3853
3806
3766
3729
3681
3639
3603
3554
3509
3469
3421
3370
3325
3278
3225
3178
3134
3081
3034
2992
2939
2889
2844
2790
2735
2685
2635
2582
2535
2493
2449
2410
2376
2343
2314
2289
2262
2236
2214
2190
2162
2138
2116
2089
2067
2047
2031
2017
2005
1995
1987
1980
1971
1961
1952
1943
1931
1920
1911
1901
1893
1885
1877
1869
1863
1857
1850
1845
1840
1835
1831
1827
1825
1823
1821
1821
1820
1819
1818
1817
1816
1815
1812
1811
1809
1808
1807
1805
1807
1808
1809
1813
1819
1824
1830
1840
1847
1853
1862
1869
1874
1876
1877
1878
1877
1873
1870
1867
1866
1865
1865
1871
1876
1881
1889
1897
1904
1910
1916
1921
1926
1932
1937
1943
1955
1966
1974
1993
2010
2024
2043
2062
2079
2095
2112
2125
2138
2150
2161
2170
2181
2190
2198
2206
2214
2221
2226
2230
2233
2234
2235
2235
2235
2235
2236
2236
2237
2239
2240
2241
2242
2243
2243
2244
2245
2245
2249
2252
2255
2261
2268
2274
2282
2292
2300
2308
2318
2326
2333
2342
2350
2356
2363
2369
2374
2378
2383
2387
2390
2392
2393
2394
2393
2392
2391
2389
2386
2384
2380
2375
2371
2367
2361
2357
2352
2348
2344
2341
2337
2334
2331
2329
2325
2322
2319
2314
2310
2306
2299
2294
2289
2281
2275
2269
2261
2253
2245
2238
2228
2220
2213
2204
2197
2191
2186
2181
2176
2173
2170
2168
2166
2165
2164
2163
2165
2166
2167
2171
2175
2179
2184
2190
2195
2200
2205
2209
2212
2216
2219
2221
2224
2226
2228
2229
2230
2231
2231
2230
2229
2227
2225
2223
2221
2218
2215
2213
2208
2203
2199
2193
2186
2179
2172
2162
2153
2145
2134
2125
2118
2109
2101
2094
2086
2078
2070
2063
2053
2045
2038
2028
2019
2012
2003
1995
1988
1980
1973
1967
1961
1955
1950
1946
1943
1940
1938
1937
1937
1936
1936
1937
1937
1938
1940
1941
1942
1946
1949
1951
1956
1960
1963
1968
1972
1976
1980
1984
1987
1989
1992
1995
1997
2000
2002
2004
2005
2007
2009
2010
2011
2012
2012
2013
2013
2014
2014
2014
2013
2012
2009
2007
2004
1999
1995
1991
1985
1980
1975
1969
1964
1959
1954
1949
1945
1941
1937
1934
1930
1927
1924
1921
1918
1915
1913
1911
1909
1907
1905
1903
1901
1899
1898
1897
1895
1895
1894
1894
1893
1893
1892
1892
1891
1891
1891
1891
1891
1891
1891
1891
1891
1891
1891
1891
1891
1891
1891
1891
1895
1898
1900
1909
1916
1922
1938
1954
1967
1989
2018
2042
2070
2112
2149
2180
2233
2279
2320
2384
2447
2503
2584
2677
2760
2851
2969
3068
3160
3279
3381
3470
3549
3617
3677
3730
3776
3815
3850
3881
3907
3930
3950
3967
3983
3996
4007
4017
4026
4033
4042
4045
4051
4055
4061
4063
4064
4069
4069
4073
4073
4076
4076
4077
4079
4078
4080
4081
4081
4081
4082
4083
4083
4083
4083
4084
4084
4084
4084
4085
4085
4085
4084
4085
4085
4085
4085
4086
4086
4086
4086
4086
4086
4086
4086
4086
4086
4086
4086
4086
4086
4086
4086
4086
4086
4086
4086
4086
4086
4086
4086
4086
4085
4061
4032
4007
3960
3897
3842
3781
3697
3624
3558
3464
3381
3307
3204
3100
3007
2888
2753
2637
2521
2388
2276
2182
2072
1981
1905
1836
1776
1727
1697
1678
1662
1657
1670
1680
1689
1712
1731
1746
1760
1771
1781
1783
1781
1780
1772
1754
1739
1724
1694
1669
1647
1615
1585
1560
1530
1499
1474
1451
1430
1412
1399
1399
1399
1398
1419
1438
1453
1483
1516
1543
1581
1632
1675
1717
1782
1837
1883
1947
2003
2051
2101
2148
2188
2225
2259
2289
2316
2340
2361
2380
2400
2418
2433
2450
2467
2482
2498
2514
2528
2542
2557
2571
2583
2602
2619
2634
2659
2686
2710
2741
2778
2811
2846
2889
2927
2962
3005
3043
3077
3112
3145
3175
3201
3223
3244
3260
3271
3281
3290
3292
3293
3295
3292
3288
3285
3282
3279
3275
3274
3277
3279
3282
3292
3301
3309
3329
3347
3362
3387
3414
3438
3465
3499
3527
3553
3583
3609
3632
3652
3670
3686
3699
3711
3722
3729
3733
3737
3738
3731
3724
3719
3701
3684
3670
3650
3630
3612
3595
3577
3562
3548
3536
3525
3516
3509
3502
3497
3492
3488
3484
3480
3475
3471
3467
3461
3455
3450
3441
3434
3427
3417
3407
3399
3387
3373
3360
3347
3329
3312
3298
3278
3261
3246
3231
3217
3205
3195
3187
3180
3174
3170
3167
3163
3165
3167
3169
3177
3185
3193
3204
3218
3230
3241
3253
3263
3271
3275
3277
3280
3278
3276
3274
3269
3263
3259
3252
3242
3234
3225
3210
3197
3185
3169
3154
3141
3127
3114
3102
3092
3082
3073
3065
3057
3050
3044
3038
3032
3026
3020
3014
3008
3002
2995
2988
2981
2969
2959
2949
2932
2917
2903
2884
2863
2845
2824
2800
2778
2756
2729
2705
2682
2656
2631
2609
2585
2562
2542
2522
2503
2486
2470
2456
2443
2431
2420
2411
2403
2395
2389
2383
2377
2371
2365
2360
2352
2346
2339
2329
2319
2310
2298
2285
2274
2261
2245
2232
2218
2200
2184
2170
2152
2135
2121
2105
2090
2077
2065
2055
2045
2037
2030
2024
2018
2014
2010
2007
2006
2005
2004
2004
2004
2005
2005
2005
2004
2003
2000
1997
1995
1990
1985
1980
1975
1968
1963
1957
1951
1945
1940
1936
1932
1928
1927
1926
1925
1927
1929
1931
1935
1942
1948
1954
1965
1974
1982
1996
2008
2018
2031
2045
2056
2067
2079
2090
2099
2110
2120
2127
2137
2145
2152
2159
2166
2171
2177
2182
2186
2189
2193
2196
2199
2203
2208
2211
2217
2223
2228
2233
2239
2244
2249
2255
2260
2264
2270
2276
2281
2287
2292
2297
2301
2305
2307
2310
2311
2311
2312
2309
2307
2306
2301
2296
2292
2286
2279
2274
2268
2261
2254
2249
2242
2236
2230
2225
2220
2215
2211
2208
2205
2202
2201
2200
2198
2199
2200
2200
2202
2203
2204
2206
2207
2208
2209
2210
2210
2210
2209
2209
2208
2205
2202
2200
2197
2193
2190
2187
2183
2180
2177
2174
2173
2171
2170
2170
2169
2170
2171
2172
2173
2175
2177
2178
2181
2184
2185
2188
2191
2193
2195
2197
2199
2199
2199
2199
2198
2196
2193
2191
2188
2185
2182
2178
2175
2171
2168
2163
2160
2156
2152
2148
2145
2143
2142
2140
2142
2144
2145
2149
2154
2158
2163
2171
2178
2183
2194
2203
2211
2224
2236
2246
2259
2273
2286
2298
2315
2330
2342
2360
2376
2390
2410
2429
2445
2466
2488
2508
2529
2556
2580
2602
2635
2664
2691
2730
2767
2800
2842
2888
2928
2971
3023
3068
3110
3166
3214
3257
3311
3361
3404
3454
3505
3548
3592
3640
3681
3718
3760
3796
3828
3859
3887
3911
3933
3952
3968
3982
3995
4005
4015
4024
4030
4036
4041
4045
4049
4049
4049
4048
4045
4039
4032
4026
4014
4004
3995
3982
3970
3960
3947
3935
3924
3912
3898
3886
3873
3856
3842
3829
3811
3794
3780
3762
3744
3729
3710
3691
3673
3655
3631
3610
3591
3560
3533
3510
3478
3446
3419
3387
3353
3323
3291
3250
3215
3181
3129
3083
3041
2980
2919
2864
2800
2731
2669
2610
2547
2492
2444
2392
2347
2308
2266
2228
2196
2162
2130
2102
2078
2055
2035
2020
2013
2008
2003
2010
2017
2023
2031
2040
2048
2054
2059
2063
2066
2068
2070
2072
2073
2073
2074
2071
2066
2062
2057
2048
2041
2035
2034
2033
2031
2044
2057
2067
2089
2114
2135
2160
2190
2215
2239
2267
2292
2314
2343
2369
2391
2420
2450
2476
2505
2537
2566
2593
2623
2649
2673
2692
2709
2725
2735
2743
2750
2755
2758
2761
2764
2766
2768
2769
2771
2773
2775
2779
2783
2787
2793
2801
2807
2814
2823
2831
2838
2846
2853
2860
2869
2877
2885
2894
2904
2913
2921
2928
2935
2940
2942
2944
2946
2944
2943
2941
2939
2937
2935
2934
2933
2931
2930
2931
2931
2932
2936
2940
2944
2952
2962
2970
2980
2995
3007
3019
3036
3051
3064
3082
3097
3111
3126
3141
3154
3168
3182
3196
3208
3221
3233
3243
3253
3262
3270
3276
3282
3287
3292
3298
3302
3306
3312
3317
3322
3329
3336
3342
3351
3360
3368
3377
3387
3396
3405
3416
3425
3433
3443
3451
3460
3468
3476
3483
3490
3497
3502
3507
3511
3515
3518
3519
3520
3521
3521
3520
3520
3520
3520
3520
3520
3521
3521
3521
3522
3523
3525
3527
3530
3533
3536
3540
3544
3547
3550
3553
3555
3556
3556
3557
3556
3554
3553
3550
3546
3543
3538
3531
3525
3519
3509
3499
3491
3478
3465
3454
3441
3426
3414
3400
3385
3372
3360
3345
3332
3320
3306
3293
3281
3267
3253
3242
3229
3214
3201
3189
3173
3159
3146
3130
3115
3102
3085
3069
3054
3038
3019
3003
2987
2967
2950
2934
2915
2898
2882
2865
2848
2833
2818
2803
2789
2777
2764
2753
2743
2734
2725
2717
2710
2704
2698
2693
2689
2685
2681
2679
2677
2675
2674
2673
2672
2671
2670
2670
2670
2670
2670
2670
2671
2671
2672
2674
2675
2676
2678
2681
2683
2686
2691
2695
2700
2708
2715
2721
2733
2742
2751
2765
2777
2789
2802
2815
2828
2841
2856
2868
2880
2895
2908
2920
2934
2947
2959
2972
2985
2996
3006
3018
3028
3037
3046
3054
3062
3070
3077
3083
3091
3098
3105
3112
3120
3127
3133
3141
3148
3154
3161
3168
3174
3179
3183
3188
3191
3193
3195
3197
3196
3195
3195
3192
3189
3186
3180
3173
3167
3159
3149
3140
3130
3116
3104
3093
3078
3064
3052
3037
3023
3011
2997
2983
2970
2958
2944
2931
2920
2907
2895
2884
2872
2859
2849
2837
2824
2812
2801
2787
2775
2763
2748
2735
2723
2708
2693
2679
2664
2647
2633
2618
2600
2585
2571
2553
2538
2524
2509
2494
2482
2470
2459
2450
2441
2434
2428
2422
2418
2415
2412
2410
2409
2408
2408
2408
2408
2409
2411
2412
2414
2417
2419
2421
2424
2426
2428
2431
2433
2435
2437
2439
2441
2442
2445
2448
2450
2454
2458
2461
2467
2473
2479
2485
2493
2501
2508
2519
2528
2536
2549
2561
2571
2583
2596
2608
2620
2634
2646
2658
2673
2685
2697
2712
2724
2736
2749
2762
2773
2785
2797
2808
2818
2830
2841
2851
2863
2874
2885
2897
2909
2919
2932
2945
2957
2969
2984
2997
3009
3024
3037
3050
3063
3077
3089
3101
3114
3125
3135
3146
3156
3164
3173
3182
3189
3195
3201
3206
3209
3212
3215
3216
3217
3217
