2808
2807
2808
2808
2807
2808
2807
2807
2807
2808
2808
2808
2809
2809
2809
2809
2809
2809
2809
2809
2809
2809
2809
2808
2809
2808
2808
2809
2808
2808
2809
2809
2809
2809
2809
2809
2810
2809
2809
2809
2809
2809
2809
2809
2809
2809
2809
2809
2809
2809
2809
2809
2810
2809
2810
2810
2810
2810
2811
2811
2811
2811
2811
2811
2812
2812
2811
2812
2812
2812
2812
2812
2812
2813
2813
2813
2814
2814
2814
2814
2814
2814
2815
2815
2815
2816
2817
2817
2817
2818
2818
2818
2818
2818
2817
2818
2817
2817
2817
2817
2817
2818
2817
2817
2817
2816
2815
2816
2815
2815
2815
2815
2815
2816
2816
2817
2818
2818
2818
2819
2819
2819
2820
2820
2820
2820
2820
2820
2820
2821
2821
2821
2821
2821
2821
2821
2820
2820
2820
2820
2820
2820
2819
2819
2818
2818
2817
2817
2816
2815
2815
2815
2814
2814
2813
2813
2813
2812
2812
2812
2812
2812
2813
2812
2812
2812
2813
2813
2813
2813
2814
2814
2814
2814
2815
2815
2815
2815
2816
2817
2817
2817
2817
2817
2817
2817
2817
2817
2817
2816
2815
2815
2814
2814
2813
2812
2812
2811
2811
2811
2810
2810
2810
2809
2809
2809
2808
2808
2808
2808
2808
2809
2809
2810
2810
2811
2811
2812
2812
2812
2812
2813
2812
2812
2812
2812
2811
2812
2812
2812
2812
2812
2812
2813
2813
2813
2814
2814
2814
2814
2814
2813
2813
2813
2812
2812
2811
2810
2810
2810
2809
2809
2809
2809
2809
2809
2810
2810
2810
2811
2811
2811
2811
2811
2812
2812
2812
2813
2813
2813
2813
2813
2813
2813
2813
2813
2813
2813
2813
2812
2811
2811
2810
2809
2808
2808
2808
2807
2807
2807
2807
2807
2807
2807
2808
2808
2808
2808
2807
2807
2807
2807
2807
2807
2807
2807
2807
2808
2808
2808
2809
2809
2809
2811
2811
2812
2812
2812
2812
2812
2812
2812
2813
2813
2814
2815
2817
2819
2822
2825
2828
2833
2837
2842
2849
2856
2862
2871
2881
2889
2899
2912
2921
2932
2943
2953
2962
2972
2980
2987
2991
2995
2997
2992
2988
2983
2970
2958
2947
2928
2911
2895
2872
2850
2830
2802
2774
2749
2713
2676
2644
2605
2566
2532
2496
2460
2429
2399
2369
2344
2320
2297
2277
2259
2244
2230
2218
2210
2201
2195
2192
2188
2186
2186
2186
2187
2191
2194
2197
2202
2206
2209
2212
2215
2217
2218
2219
2219
2219
2219
2218
2223
2228
2232
2246
2262
2276
2298
2324
2345
2373
2404
2432
2464
2501
2535
2580
2646
2706
2781
2897
2998
3099
3229
3339
3435
3520
2800
2799
2799
2798
2798
2797
2797
2797
2796
2796
2796
2795
2796
2796
2796
2796
2796
2796
2797
2797
2797
2797
2798
2798
2798
2798
2799
2799
2799
2800
2800
2800
2801
2801
2802
2802
2802
2803
2803
2803
2804
2804
2804
2804
2804
2803
2804
2803
2803
2803
2802
2801
2801
2801
2801
2801
2801
2801
2801
2801
2802
2803
2803
2804
2805
2805
2806
2806
2806
2806
2806
2806
2806
2807
2807
2807
2807
2807
2807
2808
2808
2808
2808
2808
2808
2808
2808
2808
2807
2807
2807
2806
2807
2807
2806
2807
2807
2807
2806
2806
2806
2805
2805
2805
2805
2804
2804
2804
2803
2803
2803
2802
2802
2802
2802
2801
2801
2801
2801
2801
2801
2801
2801
2802
2802
2802
2803
2803
2804
2804
2804
2805
2805
2805
2805
2805
2805
2805
2806
2806
2806
2806
2806
2806
2806
2806
2806
2806
2806
2806
2807
2807
2807
2807
2808
2808
2808
2809
2809
2809
2810
2810
2811
2811
2811
2811
2812
2811
2811
2811
2811
2810
2810
2809
2808
2808
2807
2806
2806
2805
2805
2804
2804
2804
2803
2803
2802
2802
2802
2802
2802
2801
2801
2801
2801
2801
2801
2800
2800
2800
2800
2800
2800
2800
2801
2801
2802
2802
2803
2803
2803
2803
2804
2804
2804
2805
2805
2805
2806
2806
2806
2806
2807
2806
2807
2807
2807
2808
2808
2808
2808
2809
2809
2809
2809
2809
2809
2809
2809
2809
2809
2809
2809
2809
2810
2810
2810
2810
2810
2811
2811
2811
2811
2811
2811
2811
2811
2810
2811
2811
2810
2811
2810
2810
2809
2809
2808
2808
2808
2808
2807
2807
2806
2806
2806
2805
2805
2805
2805
2805
2805
2805
2806
2806
2806
2807
2807
2807
2807
2807
2807
2807
2806
2806
2805
2806
2805
2805
2805
2805
2805
2805
2805
2805
2806
2806
2806
2807
2807
2807
2808
2808
2808
2809
2809
2809
2809
2809
2809
2809
2810
2810
2810
2810
2810
2810
2810
2810
2809
2809
2808
2808
2807
2807
2806
2806
2805
2804
2804
2804
2804
2804
2803
2803
2803
2803
2803
2804
2804
2804
2804
2805
2805
2805
2805
2805
2806
2806
2806
2807
2807
2807
2808
