3546
3575
3610
3638
3664
3689
3712
3732
3751
3768
3783
3797
3809
3821
3831
3840
3848
3855
3861
3866
3869
3872
3873
3873
3872
3870
3867
3863
3859
3853
3846
3839
3831
3821
3811
3801
3787
3775
3763
3746
3730
3715
3695
3677
3661
3641
3623
3607
3589
3572
3558
3541
3525
3512
3494
3478
3464
3446
3429
3415
3397
3380
3366
3349
3332
3318
3302
3285
3271
3255
3239
3224
3209
3192
3178
3163
3147
3133
3118
3103
3089
3075
3059
3045
3032
3017
3003
2990
2976
2963
2950
2936
2923
2911
2899
2887
2877
2866
2855
2845
2833
2821
2811
2799
2786
2776
2762
2749
2737
2724
2710
2698
2684
2671
2658
2644
2628
2614
2599
2582
2568
2552
2536
2521
2506
2492
2479
2466
2453
2442
2430
2419
2409
2399
2390
2380
2372
2363
2356
2348
2341
2334
2327
2321
2314
2309
2303
2296
2291
2285
2278
2273
2267
2260
2255
2248
2241
2235
2229
2222
2216
2209
2202
2195
2188
2181
2174
2168
2162
2156
2150
2143
2137
2131
2124
2117
2111
2105
2098
2092
2086
2080
2075
2069
2064
2059
2054
2049
2044
2039
2035
2031
2028
2025
2022
2019
2016
2013
2010
2007
2003
2000
1995
1991
1985
1979
1974
1968
1960
1954
1946
1937
1930
1921
1912
1903
1895
1885
1877
1869
1861
1854
1848
1844
1840
1838
1839
1839
1839
1844
1847
1849
1856
1860
1863
1869
1874
1878
1884
1889
1893
1899
1903
1907
1911
1914
1916
1918
1919
1920
1921
1921
1921
1922
1922
1923
1925
1928
1930
1934
1938
1942
1946
1952
1956
1961
1969
1974
1981
1990
1997
2004
2014
2022
2029
2039
2046
2052
2059
2065
2069
2073
2076
2078
2079
2080
2080
2079
2077
2075
2073
2070
2068
2065
2062
2059
2056
2054
2051
2050
2047
2045
2044
2043
2042
2041
2040
2039
2038
2037
2036
2034
2032
2030
2029
2028
2026
2025
2023
2022
2020
2019
2017
2015
2013
2012
2010
2010
2010
2009
2011
2012
2013
2017
2019
2021
2026
2030
2034
2039
2044
2048
2054
2059
2063
2068
2071
2074
2078
2080
2082
2084
2085
2086
2086
2084
2083
2082
2079
2077
2075
2073
2071
2069
2068
2067
2065
2066
2065
2065
2066
2065
2065
2066
2065
2065
2065
2065
2064
2064
2062
2061
2059
2057
2056
2055
2053
2051
2050
2047
2045
2043
2041
2039
2038
2036
2034
2033
2032
2032
2031
2031
2031
2031
2032
2032
2033
2034
2036
2037
2039
2040
2041
2043
2044
2045
2048
2050
2051
2053
2055
2056
2059
2061
2062
2067
2071
2074
2083
2091
2097
2109
2121
2131
2148
2165
2179
2201
2223
2242
2268
2297
2321
2353
2387
2417
2454
2497
2536
2583
2641
2692
2750
2820
2882
2947
3026
3094
3162
3249
3322
3392
3481
3556
3622
3682
3735
3779
3819
3854
3884
3910
3932
3952
3970
3985
3997
4009
4018
4027
4034
4041
4046
4051
4056
4059
4063
4065
4068
4070
4072
4074
4075
4076
4078
4078
4079
4080
4081
4081
4082
4082
4083
4083
4084
4084
4084
4085
4085
4085
4085
4085
4085
4086
4086
4086
4086
4086
4086
4086
4086
4086
4086
4086
4086
4086
4086
4086
4086
4086
4087
4087
4087
4087
4087
4087
4087
4087
4087
4087
4087
4087
4087
4087
4087
4087
4087
4087
4087
4087
4087
4087
4087
4087
4087
4086
4086
4085
4083
4081
4061
4043
4028
3990
3955
3927
3879
3834
3796
3745
3695
3653
3601
3552
3509
3459
3411
3370
3325
3281
3242
3202
3163
3128
3094
3061
3031
3002
2974
2949
2925
2902
2880
2860
2840
2821
2803
2784
2767
2750
2731
2714
2697
2677
2659
2643
2622
2603
2586
2567
2548
2532
2515
2499
2485
2471
2458
2447
2436
2426
2417
2409
2401
2395
2388
2381
2374
2367
2359
2352
2344
2336
2329
2321
2311
2303
2294
2283
2273
2262
2250
2239
2228
2216
2205
2195
2184
2173
2164
2156
2148
2141
2137
2132
2127
2126
2124
2122
2122
2121
2120
2121
2121
2120
2120
2120
2119
2118
2115
2113
2110
2106
2102
2098
2092
2088
2083
2077
2072
2068
2064
2061
2057
2055
2053
2051
2051
2051
2051
2054
2055
2057
2060
2062
2064
2068
2070
2072
2076
2079
2081
2084
2086
2088
2090
2090
2090
2090
2089
2088
2087
2085
2084
2084
2083
2083
2084
2084
2085
2087
2089
2090
2092
2095
2097
2100
2103
2106
2109
2114
2117
2120
2123
2126
2129
2131
2132
2134
2134
2134
2134
2133
2132
2131
2130
2129
2127
2127
2126
2125
2126
2127
2127
2131
2134
2136
2143
2149
2153
2162
2170
2178
2189
2201
2211
2223
2236
2248
2261
2276
2289
2303
2319
2333
2348
2365
2381
2396
2415
2431
2447
2465
2481
2496
2515
2531
2546
2565
2581
2597
2616
2632
2647
2666
2683
2698
2716
2732
2746
2763
2778
2792
2808
2823
2836
2852
2868
2882
2898
2915
2929
2947
2964
2980
2997
3015
3030
3047
3065
3081
3096
3113
3127
3141
3157
3170
3181
3194
3205
3215
3225
3233
3240
3247
3252
3257
3260
3263
3266
3265
3265
3265
3263
3260
3258
3254
3250
3246
3240
3234
3229
3221
3212
3205
3196
3186
3177
3166
3154
3143
3130
3117
3104
3090
3075
3061
3047
3031
3017
3002
2986
2971
2957
2941
2926
2912
2897
2882
2869
2853
2838
2826
2810
2797
2784
2770
2756
2744
2730
2716
2704
2690
2677
2666
2653
2640
2629
2617
2605
2594
2582
2570
2560
2549
2538
2528
2518
2508
2499
2490
2481
2473
2465
2457
2449
2442
2435
2428
2422
2416
2410
2405
2401
2397
2393
2389
2385
2381
2378
2374
2371
2367
2363
2360
2356
2352
2349
2346
2342
2338
2334
2330
2326
2322
2317
2313
2308
2303
2298
2294
2289
2285
2281
2277
2273
2269
2265
2261
2257
2253
2249
2245
2241
2236
2232
2228
2224
2220
2216
2212
2208
2203
2199
2195
2191
2187
2183
2179
2174
2171
2167
2163
2160
2157
2154
2151
2150
2148
2147
2146
2146
2145
2145
2146
2146
2147
2148
2149
2151
2152
2154
2155
2157
2159
2160
2162
2163
2164
2166
2166
2166
2167
2168
2168
2168
2168
2167
2168
2167
2167
2166
2165
2164
2163
2161
2160
2159
2156
2154
2153
2150
2148
2146
2143
2141
2139
2136
2134
2132
2130
2129
2128
2126
2125
2124
2122
2121
2119
2118
2117
2116
2116
2115
2114
2115
2114
2114
2115
2115
2114
2116
2116
2116
2118
2119
2120
2123
2124
2125
2128
2130
2132
2136
2139
2141
2146
2151
2154
2160
2165
2169
2175
2181
2186
2193
2200
2205
2212
2220
2226
2233
2241
2248
2256
2265
2272
2280
2290
2298
2306
2317
2325
2333
2345
2355
2363
2377
2388
2397
2412
2425
2437
2452
2465
2477
2494
2508
2522
2539
2556
2571
2591
2610
2628
2650
2673
2694
2719
2746
2769
2796
2825
2850
2878
2908
2934
2962
2994
3021
3049
3082
3110
3137
3170
3198
3225
3256
3283
3308
3337
3362
3384
3410
3433
3453
3477
3498
3517
3538
3558
3575
3595
3613
3629
3647
3663
3677
3693
3707
3720
3734
3747
3759
3771
3783
3793
3804
3815
3824
3832
3841
3849
3856
3862
3868
3873
3878
3882
3885
3888
3890
3891
3893
3893
3893
3893
3893
3892
3891
3889
3888
3886
3883
3882
3878
3874
3872
3867
3862
3858
3852
3845
3840
3832
3824
3817
3808
3798
3789
3779
3767
3757
3746
3732
3721
3708
3694
3682
3669
3654
3640
3627
3612
3598
3585
3570
3556
3544
3530
3516
3504
3490
3478
3466
3454
3442
3432
3420
3409
3400
3388
3377
3368
3357
3347
3339
3329
3321
3313
3305
3297
3290
3283
3276
3270
3264
3258
3252
3247
3242
3237
3233
3229
3226
3223
3221
3218
3216
3215
3213
3211
3211
3209
3208
3207
3206
3205
3205
3205
3204
3204
3203
3203
3202
3201
3200
3198
3197
3196
3194
3193
3191
3191
3190
3190
3192
3194
3196
3201
3207
3211
3219
3228
3236
3247
3259
3270
3282
3295
3307
3319
3333
3345
3355
3368
3378
3387
3396
3404
3410
3415
3419
3422
3422
3422
3421
3418
3414
3412
3406
3401
3397
3390
3384
3379
3373
3366
3360
3353
3346
3339
3331
3322
3314
3305
3295
3286
3275
3263
3252
3240
3226
3214
3201
3185
3170
3156
3140
3125
3110
3094
3080
3066
3051
3037
3024
3011
2999
2988
2976
2965
2956
2946
2936
2929
2920
2913
2906
2900
2893
2888
2883
2879
2875
2872
2869
2867
2865
2864
2862
2861
2860
2859
2858
2858
2857
2856
2854
2853
2852
2851
2850
2849
2849
2848
2848
2848
2847
2847
2847
2847
2846
2847
2847
2847
2849
2850
2851
2854
2856
2858
2860
2862
2865
2867
2868
2870
2871
2871
2872
2872
2872
2872
2871
2870
2870
2869
2868
2867
2867
2867
2866
2865
2864
2863
2862
2862
2861
2860
2860
2859
2858
2859
2859
2859
2860
2861
2861
2863
2863
2864
2865
2865
2866
2866
2865
2865
2863
2861
2860
2858
2855
2853
2850
2847
2844
2841
2837
2834
2830
2825
2821
2817
2812
2807
2802
2797
2792
2787
2783
2778
2774
2770
2766
2762
2758
2754
2750
2747
2743
2740
2736
2732
2729
2724
2720
2716
2711
2707
2702
2698
2693
2689
2684
2679
2675
2671
2666
2662
2658
2653
2649
2645
2641
2636
2632
2628
2625
2621
2617
2614
2610
2607
2604
2601
2598
2596
2593
2590
2588
2585
2582
2580
2578
2575
2573
2570
2568
2566
2563
2562
2560
2558
2557
2555
2554
2554
2553
2553
2553
2554
2553
2555
2556
2557
2558
2560
2561
2563
2564
2566
2568
2570
2571
2573
2574
2574
2575
2575
2575
2575
2574
2573
2572
2570
2568
2566
2565
2562
2560
2558
2556
2554
2551
2549
2546
2544
2541
2539
2536
2533
2531
2528
2525
2522
2520
2517
2514
2511
2508
2505
2502
2497
2494
2490
2486
2482
2479
2475
2471
2468
2465
2462
2460
2459
2457
2455
2454
2453
2453
2453
2453
2453
2454
2455
2455
2457
2459
2459
2462
2463
2464
2466
2467
2468
2470
2472
2473
2476
2477
2479
2482
2484
2486
2489
2493
2495
2498
2501
2503
2506
2510
2513
2516
2520
2523
2526
2530
2533
2537
2541
2544
2548
2552
2555
2559
2564
2568
2572
2577
2580
2583
2587
2590
2593
2596
2599
2601
2604
2606
2607
2609
2611
2612
2613
2613
2614
2614
2614
2614
2614
2614
2613
2613
2612
2612
2611
2610
2609
2608
2607
2606
2605
2604
2602
2602
2601
2599
2598
2598
2596
2595
2594
2593
2592
2591
2590
2589
2588
2587
2586
2585
2583
2581
2580
2578
2577
2575
2574
2573
2572
2571
2570
2570
2569
2568
2568
2568
2568
2568
2568
2568
2568
2568
2569
2569
2569
2569
2569
2569
2569
2569
2569
2569
2569
2569
2569
2569
2568
2568
2567
2567
2566
2565
2565
2564
2564
2564
2564
2564
2565
2565
2565
2567
2567
2568
2569
2570
2570
2572
