2809
2809
2809
2809
2809
2810
2810
2810
2809
2809
2809
2809
2809
2809
2809
2809
2809
2809
2809
2809
2809
2809
2810
2810
2811
2811
2812
2812
2813
2814
2814
2815
2815
2815
2815
2817
2817
2817
2817
2817
2818
2818
2819
2819
2820
2821
2821
2822
2822
2822
2823
2823
2822
2823
2822
2822
2822
2822
2821
2821
2821
2820
2820
2819
2818
2817
2816
2815
2814
2814
2813
2812
2812
2811
2811
2810
2810
2809
2810
2809
2809
2810
2810
2810
2811
2811
2811
2812
2812
2813
2814
2814
2814
2814
2814
2814
2815
2815
2815
2815
2815
2816
2817
2817
2817
2818
2818
2818
2819
2819
2819
2819
2819
2819
2819
2820
2820
2820
2820
2820
2820
2820
2821
2820
2821
2820
2820
2821
2821
2821
2822
2822
2822
2823
2823
2823
2824
2824
2824
2824
2824
2824
2823
2823
2823
2822
2822
2821
2821
2820
2820
2819
2819
2818
2818
2817
2817
2816
2815
2815
2815
2814
2814
2814
2814
2814
2814
2814
2814
2814
2814
2814
2814
2814
2814
2814
2815
2815
2815
2815
2815
2815
2816
2816
2817
2817
2817
2817
2817
2818
2818
2818
2818
2818
2819
2819
2820
2820
2821
2821
2821
2822
2822
2822
2821
2821
2821
2821
2820
2820
2820
2819
2818
2818
2818
2817
2817
2815
2815
2815
2814
2814
2814
2814
2813
2813
2813
2813
2812
2812
2811
2811
2810
2810
2810
2809
2809
2809
2808
2808
2808
2809
2809
2809
2809
2810
2810
2811
2811
2811
2811
2811
2811
2812
2812
2811
2811
2811
2811
2811
2811
2810
2811
2810
2810
2810
2810
2810
2810
2810
2810
2810
2810
2810
2810
2810
2810
2810
2809
2809
2809
2809
2809
2809
2809
2809
2810
2810
2810
2810
2810
2810
2811
2811
2811
2811
2812
2812
2812
2812
2812
2812
2812
2812
2812
2813
2813
2812
2813
2813
2813
2813
2813
2813
2814
2814
2814
2814
2814
2814
2814
2813
2813
2813
2812
2812
2812
2812
2812
2812
2812
2812
2812
2812
2811
2811
2811
2811
2811
2811
2811
2811
2811
2811
2811
2810
2810
2810
2810
2810
2809
2810
2810
2809
2810
2810
2809
2810
2809
2809
2809
2809
2809
2809
2809
2808
2808
2808
2808
2808
2808
2807
2807
2807
2807
2807
2808
2808
2808
2808
2808
2808
2808
2808
2808
2808
2808
2808
2808
2808
2808
2809
2809
2809
2810
2810
2810
2810
2810
2810
2810
2810
2810
2809
2809
2808
2808
2807
2806
2806
2805
2805
2805
2804
2804
2804
2804
2804
2805
2805
2805
2805
2805
2805
2806
2806
2805
2806
2806
2805
2806
2806
2806
2806
2806
2807
2807
2807
2807
2807
2807
2807
2807
2807
2807
2807
2807
2807
2807
2808
2807
2807
2808
2808
2808
2809
2809
2809
2810
2810
2810
2811
2812
2812
2813
2813
2813
2814
2814
2813
2814
2814
2814
2815
2815
2815
2815
2815
2815
2815
2816
2816
2817
2817
2817
2817
2817
2817
2817
2817
2817
2817
2817
2817
2817
2817
2816
2815
2816
2816
2816
2816
2817
2817
2817
2817
2817
2818
2819
2820
2821
2822
2822
2823
2824
2825
2826
2826
2826
2826
2826
2825
2825
2823
2822
2821
2821
2820
2819
2818
2817
2816
2815
2815
2814
2813
2812
2811
2810
2809
2807
2806
2803
2801
2798
2794
2791
2787
2782
2778
2773
2769
2765
2760
2755
2751
2746
2742
2738
2734
2730
2726
2723
2720
2717
2715
2713
2711
2709
2708
2707
2706
2704
2703
2702
2699
2697
2695
2692
2689
2686
2683
2680
2677
2674
2672
2669
2668
2667
2665
2666
2665
2665
2667
2669
2670
2675
2679
2683
2690
2696
2702
2710
2718
2725
2734
2743
2750
2760
2768
2776
2787
2799
2809
2823
2840
2855
2874
2897
2918
2942
2973
2999
3028
3064
3096
3129
3170
3207
3241
3285
3322
3357
3401
3438
3471
3511
2811
2811
2811
2811
2811
2811
2811
2811
2811
2811
2811
2812
2813
2813
2813
2813
2813
2813
2813
2813
2813
2813
2812
2813
2813
2813
2813
2813
2813
2813
2813
2812
2812
2812
2811
2811
2810
2810
2810
2810
2810
2809
2809
2809
2809
2809
2809
2809
2810
2810
2810
2810
2810
2811
2811
2812
2812
2812
2812
2812
2812
2812
2811
2811
2811
2811
2811
2810
2810
2809
2809
2808
2808
2807
2807
2807
2807
2806
2806
2806
2806
2806
2806
2806
2806
2807
2807
2808
2809
2810
2810
2811
2811
2812
2812
2813
2813
2813
2813
2814
2814
2815
2815
2815
2815
2816
2817
2817
2817
2817
2817
2816
2816
2815
2815
2814
2814
2813
2813
2812
2811
2811
2810
2809
2809
2808
2808
2807
2807
2806
2806
2806
2805
2805
2805
2805
2805
2806
2806
2806
2807
2807
2808
2809
2809
2810
2810
2810
2810
2810
2810
2810
2810
2809
2809
2809
2809
2809
2809
2808
2808
2809
2809
