2800
2799
2799
2799
2798
2798
2798
2798
2798
2797
2797
2798
2797
2797
2797
2797
2797
2798
2798
2798
2798
2799
2799
2799
2799
2799
2800
2800
2800
2800
2800
2801
2801
2801
2801
2801
2801
2801
2800
2801
2801
2801
2801
2801
2801
2801
2801
2801
2801
2801
2801
2801
2801
2800
2800
2800
2799
2799
2798
2798
2797
2796
2796
2795
2795
2794
2794
2793
2793
2792
2792
2792
2791
2791
2791
2791
2790
2790
2790
2791
2791
2791
2791
2791
2791
2791
2791
2791
2790
2790
2790
2789
2789
2789
2789
2789
2788
2788
2788
2787
2787
2788
2788
2788
2788
2788
2788
2788
2789
2789
2789
2789
2790
2790
2790
2790
2789
2789
2789
2789
2789
2789
2789
2789
2789
2789
2789
2789
2789
2789
2790
2790
2790
2790
2791
2791
2792
2792
2792
2793
2794
2794
2794
2794
2795
2795
2795
2795
2795
2795
2795
2795
2795
2795
2795
2795
2795
2795
2794
2794
2794
2794
2793
2793
2792
2792
2792
2793
2792
2793
2792
2791
2792
2792
2794
2794
2796
2796
2798
2799
2801
2804
2806
2808
2813
2818
2821
2827
2832
2836
2841
2847
2852
2856
2859
2866
2866
2869
2872
2872
2872
2868
2867
2861
2854
2849
2841
2832
2822
2812
2798
2785
2773
2755
2736
2721
2699
2677
2657
2634
2610
2589
2567
2542
2520
2501
2479
2459
2442
2424
2408
2395
2382
2371
2363
2354
2349
2345
2341
2339
2338
2337
2338
2338
2339
2340
2341
2341
2341
2340
2340
2338
2335
2332
2329
2323
2317
2312
2304
2294
2287
2277
2266
2256
2247
2235
2226
2216
2206
2197
2189
2183
2178
2173
2171
2172
2172
2176
2184
2191
2197
2213
2226
2236
2256
2274
2288
2309
2329
2347
2366
2388
2405
2422
2442
2459
2474
2491
2507
2521
2534
2547
2558
2568
2576
2583
2589
2592
2594
2596
2595
2595
2594
2592
2590
2588
2586
2584
2583
2582
2582
2583
2584
2587
2590
2593
2599
2605
2611
2620
2629
2637
2646
2656
2666
2674
2683
2692
2699
2707
2713
2719
2723
2726
2730
2730
2729
2728
2726
2722
2717
2713
2707
2701
2695
2688
2681
2675
2669
2664
2660
2657
2655
2654
2654
2658
2661
2665
2674
2683
2692
2705
2720
2733
2751
2772
2791
2811
2838
2861
2882
2910
2936
2958
2985
3010
3032
3056
3080
3101
3121
3142
3161
3177
3195
3211
3225
3240
3253
3265
3278
3291
3303
3316
3331
3343
3356
3373
3388
3401
3421
3438
3453
3474
3493
3511
2791
2790
2790
2789
2789
2789
2789
2789
2788
2788
2788
2788
2788
2789
2789
2789
2790
2790
2791
2791
2791
2791
2791
2791
2790
2790
2790
2789
2789
2788
2788
2788
2787
2787
2787
2787
2787
2787
2787
2787
2787
2787
2788
2789
2789
2790
2791
2791
2792
2793
2794
2794
2795
2796
2797
2798
2799
2800
2801
2802
2802
2803
2803
2803
2803
2803
2803
2803
2803
2803
2802
2802
2801
2801
2801
2801
2801
2801
2801
2801
2801
2801
2801
2800
2800
2799
2799
2798
2798
2797
2797
2796
2795
2795
2795
2795
2795
2795
2795
2795
2796
2796
2797
2797
2797
2797
2797
2797
2798
2798
2798
2798
2798
2798
2798
2798
2798
2798
2798
2798
2798
2798
2798
2799
2799
2799
2799
2799
2799
2799
2800
2800
2800
2801
2801
2800
2800
2800
2799
2799
2799
2798
2799
2799
2798
2799
2799
2800
2800
2801
2801
2801
2802
2802
2802
2803
2803
2802
2803
2803
2803
2802
2802
2802
2801
2801
2801
2800
2800
2800
2799
2799
2798
2798
2797
2797
2797
2797
2796
2796
2796
2795
2795
2794
2794
2793
2793
2792
2792
2792
2791
2791
2791
2791
2791
2791
2790
2790
2790
2790
2790
2790
2790
2790
2790
2790
2790
2790
2790
2790
2790
2790
2790
2790
2791
2791
2791
2791
2791
2791
2792
2792
2792
2793
2793
2793
2794
2794
2795
2795
2795
2796
2796
2796
2796
2796
2796
2796
2796
2797
2796
2796
2797
2797
2797
2797
2798
2798
2798
2798
2798
2798
2797
2797
2797
2797
2797
2797
2797
2797
2797
2798
2798
2798
2798
2798
2798
2798
2799
2799
2799
2799
2798
2798
2798
2798
2797
2797
2798
2797
2797
2798
2798
2798
2799
2799
2799
2799
2800
2800
2800
2800
2800
2800
2799
2799
2798
2798
2797
2797
2796
2795
2795
2794
2794
2794
2793
2793
2792
2792
2792
2792
2792
2792
2792
2792
2792
2792
2792
2792
2792
2791
2791
2792
2792
2792
2792
2792
2792
2792
2792
2792
2792
2792
2792
2792
2792
2791
2791
2791
2791
2791
2791
2791
2791
2791
2791
2791
2791
2792
2792
2792
2792
2792
2792
2793
2793
2793
2793
2793
2794
2794
2794
2794
2795
2795
2796
2796
2796
2797
2797
2797
2797
2798
2798
2798
2799
2799
2799
2799
2800
2800
2800
2800
