[PREW 508 count_idx:5, count_value:2433]
2794
2794
2793
2793
2792
2792
2791
2790
2790
2789
2789
2788
2788
2787
2787
2787
2786
2786
2786
2786
2786
2786
2786
2786
2787
2788
2788
2789
2790
2791
2791
2792
2792
2793
2793
2793
2793
2793
2794
2794
2794
2794
2794
2794
2794
2794
2793
2793
2793
2792
2791
2791
2791
2790
2789
2789
2789
2788
2788
2787
2787
2787
2787
2787
2787
2787
2787
2787
2787
2787
2787
2787
2787
2786
2786
2786
2786
2786
2787
2787
2786
2787
2787
2788
2787
2788
2788
2788
2789
2789
2789
2789
2789
2789
2789
2790
2790
2789
2790
2790
2790
2790
2791
2791
2791
2792
2792
2792
2792
2793
2793
2793
2794
2795
2795
2795
2795
2795
2796
2796
2797
2797
2797
2798
2798
2799
2798
2798
2798
2798
2798
2798
2798
2798
2798
2798
2798
2798
2797
2797
2797
2796
2797
2796
2796
2796
2796
2796
2796
2796
2796
2796
2796
2795
2795
2795
2795
2795
2794
2794
2794
2794
2794
2794
2793
2793
2794
2792
2792
2794
2793
2794
2793
2794
2795
2797
2799
2800
2801
2806
2810
2813
2821
2830
2838
2848
2862
2875
2884
2902
2917
2930
2947
2964
2977
2991
3007
3019
3031
3037
3044
3048
3048
3045
3041
3037
3022
3009
2997
2975
2951
2929
2904
2870
2841
2812
2771
2733
2699
2656
2612
2573
2534
2493
2456
2424
2391
2361
2336
2312
2289
2270
2251
2232
2215
2200
2184
2168
2155
2139
2122
2108
2093
2071
2052
2035
2009
1984
1964
1940
1913
1890
1870
1845
1824
1805
1789
1773
1760
1751
1744
1738
1734
1737
1739
1740
1753
1765
1776
1792
1815
1833
1849
1875
1896
1914
1934
1952
1967
1980
1994
2004
2013
2021
2026
2031
2032
2031
2029
2026
2018
2010
2004
1995
1986
1978
1972
1966
1960
1956
1956
1954
1952
1956
1959
1962
1968
1977
1984
1991
2006
2017
2026
2041
2054
2065
2077
2090
2101
2110
2121
2130
2137
2144
2149
2153
2156
2159
2161
2163
2168
2172
2175
2182
2189
2196
2203
2215
2224
2232
2245
2257
2267
2280
2292
2303
2313
2326
2337
2347
2357
2366
2373
2380
2385
2390
2392
2392
2391
2390
2385
2379
2373
2365
2353
2343
2333
2316
2301
2287
2271
2253
2238
2222
2205
2189
2175
2159
2145
2133
2121
2110
2101
2093
2087
2081
2076
2073
2069
2065
2063
2060
2058
2056
2055
2053
2051
2051
2049
2048
2047
2046
2044
2043
2043
2043
2042
2043
2043
2043
2044
2046
2047
2047
2051
2053
2055
2060
2064
2067
2072
2079
2084
2089
2096
2102
2106
2111
2114
2118
2119
2118
2117
2116
2111
2105
2101
2093
2084
2076
2067
2054
2043
2032
2017
2002
1990
1975
1958
1944
1931
1917
1904
1893
1885
1877
1870
1865
1861
1858
1856
1856
1855
1854
1856
1856
1857
1858
1860
1861
1862
1864
1866
1866
1869
1871
1872
1873
1877
1879
1880
1900
1917
1931
1965
2009
2045
2084
2143
2193
2236
2298
2356
2407
2472
2546
2611
2678
2772
2855
2928
3032
3129
3213
3305
3404
3489
3562
2788
2788
2788
2787
2787
2787
2787
2787
2787
2787
2787
2788
2788
2788
2788
2788
2788
2788
2789
2789
2789
2789
2790
2790
2790
2790
2790
2789
2789
2789
2789
2788
2788
2787
2787
2786
2786
2786
2786
2786
2786
2787
2787
2787
2787
2787
2787
2787
2787
2787
2787
2787
2787
2787
2787
2787
2787
2787
2787
2787
2787
2788
2788
2788
2788
2789
2789
2789
2790
2790
2790
2791
2791
2791
2791
2791
2791
2791
2791
2792
2791
2791
2792
2792
2791
2792
2792
2792
2792
2793
2793
2793
2794
2794
2794
2795
2795
2795
2795
2795
2795
2795
2796
2796
2796
2797
2797
2797
2797
2797
2797
2797
2797
2797
2797
2797
2796
2796
2796
2796
2795
2795
2795
2795
2795
2795
2794
2794
2794
2794
2794
2794
2794
2793
2793
2793
2793
2792
2792
2792
2792
2792
2792
2792
2792
2792
2793
2793
2794
2795
2795
2796
2797
2798
2798
2799
2799
2799
2799
2801
2801
2801
2802
2802
2802
2802
2802
2803
2802
2803
2803
2803
2803
2803
2803
2802
2802
2802
2802
2802
2802
2802
2802
2801
2801
2800
2800
2800
2799
2799
2799
2799
2799
2798
2798
2797
2797
2796
2796
2796
2795
2795
2795
2795
2795
2794
2795
2795
2795
2795
2795
2794
2794
2794
2794
2793
2793
2792
2792
2791
2791
2790
2789
2789
2789
2788
2789
2789
2789
2789
2789
2789
2789
2789
2789
2789
2789
2789
2789
2790
2790
2790
2790
2790
2791
2790
2791
2791
2791
2792
2792
2792
2792
2793
2793
2793
2793
2794
2794
2794
2794
2794
2794
2794
2794
2793
2794
2794
2794
2794
2794
2794
2793
2794
2794
2794
2794
2794
2795
2795
2795
2795
2795
2796
2795
2795
2795
2795
2795
2794
2794
2794
[POSTW]
3630
3687
3736
3780
3816
3848
3877
3903
3924
3943
3961
3976
3989
4001
4011
4021
4029
4036
4042
4048
4052
4056
4061
4062
4065
4068
4070
4072
4073
4075
4077
4077
4078
4081
4080
4081
4081
4082
4082
4083
4083
4085
4084
4084
4085
4085
4085
4085
4085
4086
4086
4086
4086
4086
4085
4085
4085
4085
4086
4086
4086
4086
4086
4086
4086
4086
4086
4086
4086
4086
4086
4086
4086
4086
4086
4087
4087
4087
4087
4087
4087
4087
4087
4087
4087
4086
4085
4054
4022
3996
3950
3892
3842
3793
3727
3668
3618
3556
3498
3446
3394
3340
3292
3249
3205
3166
3132
3108
3088
3070
3060
3059
3058
3058
3059
3060
3060
3055
3048
3041
3032
3018
3005
2994
2976
2960
2945
2925
2903
2884
2863
2834
2808
2784
2752
2721
2693
2663
2633
2606
2581
2557
2536
2517
2502
2489
2478
2469
2463
2457
2451
2451
2449
2448
2449
2449
2449
2449
2448
2446
2445
2442
2438
2434
2428
2421
2415
2406
2393
2381
2370
2349
2330
2314
2294
2273
2254
2239
2225
2213
2202
2201
2199
2198
2206
2219
2230
2243
2272
2297
2319
2355
2390
2421
2459
2502
2540
2576
2623
2663
2701
2744
2785
2822
2860
2901
2936
2968
3003
3034
3060
3083
3103
3119
3133
3144
3154
3162
3173
3182
3190
3204
3219
3231
3244
3260
3272
3283
3295
3304
3313
3322
3331
3338
3346
3355
3362
3369
3372
3375
3377
3373
3365
3358
3350
3333
3316
3303
3283
3263
3245
3226
3205
3186
3168
3145
3124
3106
3086
3066
3048
3032
3017
3003
2991
2980
2970
2961
2952
2942
2934
2926
2917
2909
2901
2890
2879
2870
2856
2841
2827
2811
2789
2768
2749
2720
2690
2664
2632
2595
2563
2531
2492
2457
2426
2388
2352
2321
2290
2259
2232
2208
2184
2163
2145
2131
2117
2106
2096
2089
2081
2075
2068
2060
2054
2046
2037
2030
2023
2018
2013
2008
2008
2007
2006
2008
2010
2011
2013
2017
2019
2021
2026
2029
2032
2037
2042
2047
2051
2059
2065
2070
2078
2085
2091
2098
2106
2112
2117
2125
2131
2135
2142
2147
2152
2156
2160
2164
2166
2171
2174
2177
2184
2191
2196
2204
2216
2226
2234
2249
2261
2271
2282
2294
2304
2314
2328
2340
2350
2367
2382
2395
2412
2429
2445
2460
2478
2494
2508
2524
2538
2551
2566
2581
2595
2608
2628
2645
2660
2682
2703
2721
2742
2765
2786
2804
2830
2852
2872
2896
2920
2941
2962
2987
3008
3027
3052
3074
3093
3115
3136
3155
3173
3193
3210
3226
3242
3257
3270
3283
3296
3307
3316
3328
3337
3345
3353
3360
3366
3372
3377
3381
3385
3387
3389
3391
3391
3390
3389
3386
3382
3377
3373
3366
3360
3354
3347
3341
3334
3329
3323
3317
3312
3306
3300
3295
3287
3278
3270
3262
3250
3239
3230
3215
3201
3188
3173
3157
3142
3127
3109
3092
3077
3058
3040
3024
3006
2987
2970
2953
2933
2914
2897
2876
2856
2838
2819
2799
2781
2764
2746
2729
2713
2696
2679
2664
2649
2632
2617
2604
2587
2572
2559
2545
2530
2517
2504
2489
2476
2464
2448
2434
2421
2406
2391
2377
2364
2348
2333
2321
2306
2291
2278
2265
2251
2238
2227
2216
2206
2196
2187
2179
2171
2164
2157
2150
2145
2139
2134
2130
2126
2122
2118
2115
2113
2110
2108
2108
2107
2105
2106
2107
2108
2109
2111
2112
2113
2115
2116
2117
2118
2119
2120
2121
2122
2122
2123
2126
2127
2129
2132
2136
2139
2141
2147
2152
2155
2161
2166
2170
2176
2182
2187
2191
2200
2206
2212
2221
2230
2238
2248
2260
2271
2279
2294
2306
2316
2329
2341
2352
2363
2378
2390
2400
2416
2429
2441
2455
2469
2482
2494
2510
2523
2534
2549
2563
2575
2588
2601
2613
2624
2637
2649
2659
2671
2682
2692
2702
2713
2723
2732
2745
2755
2764
2774
2783
2791
2799
2808
2815
2822
2829
2836
2841
2847
2852
2857
2861
2865
2868
2870
2872
2873
2874
2874
2874
2873
2872
2870
2868
2866
2862
2858
2855
2850
2846
2842
2838
2834
2830
2826
2823
2819
2815
2812
2808
2805
2801
2799
2796
2793
2790
2787
2784
2782
2779
2777
2774
2774
2772
2771
2771
2771
2771
2771
2773
2773
2773
2776
2779
2781
2785
2789
2792
2797
2802
2807
2812
2819
2825
2830
2836
2843
2849
2854
2861
2867
2872
2879
2885
2891
2897
2905
2911
2917
2927
2934
2941
2951
2958
2966
2974
2983
2991
2999
3010
3019
3026
3037
3045
3054
3061
3069
3077
3083
3090
3095
3100
3104
3108
3111
3113
3114
3114
3115
3114
3113
3112
3110
3108
3106
3103
3100
3097
3094
3090
3087
3084
3081
3078
3076
3073
3071
3069
3067
3065
3062
3060
3057
3053
3050
3046
3042
3037
3033
3028
3023
3019
3014
3008
3003
2999
2993
2988
2983
2978
2973
2969
2964
2960
2956
2952
2947
2943
2939
2935
2932
2928
2926
2923
2921
2919
2918
2917
2916
2915
2914
2913
2912
2912
2912
2911
2910
2910
2910
2909
2908
2907
2906
2905
2904
2903
2901
2900
2898
2897
2896
2894
2893
2892
2890
2889
2888
2887
2886
2885
2885
2885
2884
2886
2887
2887
2889
2890
2891
2891
2893
2893
2894
2895
2895
2895
2896
2897
2896
2896
2896
2896
2896
2896
2895
2894
2893
2892
2891
2890
2890
2890
2889
2890
2890
2890
2891
2892
2892
2893
2895
2897
2898
2900
2902
2904
2906
2909
2911
2913
2915
2916
2918
2920
2921
2923
2924
2927
2928
2930
2932
2934
2935
2937
2939
2940
2941
2942
2943
2945
2946
2946
2946
2947
2947
2947
2946
2946
2946
2945
2944
2942
2941
2940
2938
2937
2935
2933
2931
2929
2926
2922
2919
2916
2912
2908
2905
2901
2897
2893
2889
2883
2879
2874
2868
2863
2858
2851
2845
2839
2833
2825
2819
2812
2805
2797
2791
2783
2776
2769
2763
2757
2750
2745
2740
2735
2730
2726
2723
2720
2717
2715
2713
2711
2710
2709
2708
2708
2708
2707
2708
2708
2709
2709
2711
2712
2713
2714
2715
2716
2717
2719
2720
2721
2723
2724
2726
2728
2730
2731
2733
2736
2738
2740
2744
2748
2750
2754
2758
2762
2766
2771
2774
2778
2784
2789
2793
2798
2803
2807
2811
2817
2821
2825
2829
2832
2835
2838
2842
2844
2847
2849
2851
2853
2856
2857
2858
2859
2861
2861
2862
2863
2863
2863
2864
2864
2864
2863
2863
2863
2863
2863
2862
2862
2862
2861
2860
2859
2858
2857
2856
2854
2852
2850
2848
2845
2843
2840
2837
2834
2831
2828
2824
2821
2817
2813
2809
2805
2801
2797
2793
2790
2785
2782
2778
2775
2771
2768
2765
2762
2760
2757
2755
2753
2751
2750
2749
2747
2748
2749
2749
2750
2751
2752
2754
2757
2759
2760
2764
2766
2768
2771
2774
2776
2778
2781
2783
2786
2789
2791
2793
2796
2798
2800
2801
2804
2806
2807
2810
2812
2814
2816
2818
2820
2822
2824
2825
2827
2829
2829
2830
2830
2830
2830
2830
2829
2828
2828
2826
2825
2824
2822
2820
2818
2817
2813
2810
2807
2804
2799
2795
2791
2786
2780
2776
2770
2764
2758
2753
2746
2740
2734
2728
2722
2717
2711
2704
2699
2693
2686
2680
2675
2669
2663
2658
2653
2647
2642
2637
2631
2626
2621
2615
2610
2605
2599
2593
2588
2583
2578
2573
2568
2563
2558
2554
2549
2545
2541
2537
2533
2529
2526
2523
2520
2517
2515
2514
2512
2511
2511
2511
2511
2512
2513
2514
2516
2518
2520
2522
2526
2529
2532
2536
2540
2544
2548
2554
2558
2563
2570
2575
2581
2587
2594
2600
2606
2614
2621
2626
2635
2642
2648
2656
2664
2671
2679
2688
2696
2703
2712
2720
2728
2737
2746
2755
2763
2774
2783
2792
2803
2812
2821
2831
2841
2850
2859
2869
2878
2886
2896
2905
2913
2921
2930
2938
2945
2955
2963
2970
2979
2987
2994
3002
3010
3017
3024
3033
3040
3046
3054
3062
3068
3075
3082
3089
3095
3102
3109
3114
3120
3126
3131
3136
3142
3146
3150
3155
3159
3162
3166
3169
3172
3174
3176
3177
3178
3179
3178
3178
3178
3177
3175
3174
3172
3170
3168
3165
3161
3158
3154
3151
3146
3143
3138
3134
3131
3126
3120
3116
3111
3105
3099
3094
3088
3081
3076
3069
3061
3055
3048
3040
3033
3027
3017
3009
3001
2992
2982
2973
2964
2954
2944
2935
2925
2915
2906
2897
2887
2878
2869
2860
2851
2844
2835
2827
2820
2812
2804
2797
2790
2784
2777
2771
2765
2759
2753
2747
2742
2736
2731
2726
2721
2717
2712
2707
2702
2698
2693
2688
2684
2679
2674
2670
2665
2660
2655
2651
2646
2642
2638
2634
2630
2626
2623
2619
2616
2613
2610
2607
2605
2602
2600
2598
2596
2594
2593
2591
2590
2588
2587
2586
2584
2583
2582
2581
2580
2579
2579
2578
2578
2578
2578
2577
2577
2577
2577
2577
2578
2579
2579
2580
2581
2582
2583
2585
2587
2588
2591
2593
2595
2598
2602
2605
2608
2613
2617
2621
2627
2632
2637
2643
2650
2655
2660
2668
2675
2681
2690
2697
2705
2712
2721
2729
2736
2746
2754
2761
2770
2779
2787
2794
2804
2812
2820
2829
2838
2845
2854
2862
2870
2877
2886
2894
2901
2911
2919
2926
2935
2944
2951
2959
2969
2977
2984
2993
3001
3008
3015
3024
3031
3037
3046
3054
3061
3069
3077
3084
3091
3100
3107
3113
3121
3128
3134
3139
3143
3147
3149
3151
3152
3153
3152
3151
3150
3147
3143
3139
3135
3129
3123
3118
3111
3104
3097
3090
3082
3075
3068
3061
3053
3047
3039
3031
3024
3017
3007
3000
2992
2982
2973
2965
2954
2942
2932
2921
2908
2896
2884
2868
2854
2841
2825
2808
2794
2778
2761
2745
2730
2713
2697
2682
2668
2653
2639
2627
2616
2606
2596
2589
2582
2576
2572
2569
2566
2563
2564
2564
2564
2566
2569
2570
2573
2577
2580
2583
2588
2592
2595
2600
2604
2608
2612
2618
2622
2626
2632
2637
2641
2648
2654
2659
2665
2673
2680
2686
2697
2706
2713
2723
2735
2744
2754
2767
2778
2788
2801
2813
2824
2835
2848
2858
2868
2880
2890
2899
2910
2920
2928
2937
2945
2953
2959
2966
2972
2978
2983
2988
2993
2997
3002
3006
3010
3014
3018
3022
3026
3031
3035
3039
3045
3049
3053
3060
3066
3071
3077
3083
3089
3093
3100
3105
3109
3114
3118
3122
3126
3130
3132
3134
3136
3138
3138
3139
3138
3138
3137
3135
3133
3131
3129
3127
3126
3124
3121
3119
3117
3115
3112
3110
3108
3106
3104
3102
3101
3099
3097
3096
3094
3092
3090
3088
3086
3083
3079
3076
3072
3067
3063
3059
3052
3046
3041
3034
3026
3018
3011
3002
2994
2987
2978
2969
2962
2954
2945
2936
2929
2921
2914
2907
2899
2892
2886
2880
2873
2867
2862
2856
2851
2846
2840
2835
2830
2824
2819
