2821
2821
2821
2821
2821
2822
2822
2822
2822
2822
2823
2823
2822
2822
2823
2823
2822
2822
2822
2821
2822
2821
2821
2821
2820
2820
2819
2819
2818
2818
2817
2816
2816
2816
2815
2816
2815
2815
2815
2815
2815
2814
2814
2813
2813
2812
2812
2812
2812
2812
2812
2812
2812
2812
2812
2812
2813
2812
2812
2813
2813
2813
2813
2814
2814
2815
2815
2815
2816
2816
2817
2817
2817
2817
2817
2817
2817
2817
2817
2816
2815
2815
2815
2815
2816
2816
2816
2816
2816
2815
2816
2816
2816
2816
2816
2816
2816
2816
2815
2815
2815
2815
2815
2815
2815
2815
2815
2815
2815
2815
2815
2815
2815
2815
2815
2815
2815
2815
2815
2815
2815
2816
2815
2815
2816
2816
2816
2816
2815
2815
2816
2816
2816
2815
2815
2815
2815
2815
2814
2814
2814
2814
2814
2814
2814
2815
2815
2816
2816
2817
2817
2818
2816
2817
2816
2816
2816
2814
2815
2815
2813
2813
2812
2811
2805
2800
2796
2786
2779
2768
2759
2747
2735
2720
2705
2690
2669
2649
2632
2605
2584
2562
2538
2516
2496
2471
2451
2430
2407
2386
2367
2347
2330
2314
2298
2284
2272
2259
2247
2234
2222
2212
2203
2191
2180
2171
2163
2156
2148
2142
2135
2130
2124
2118
2111
2108
2102
2099
2097
2096
2095
2095
2095
2095
2094
2095
2096
2097
2100
2103
2104
2109
2113
2115
2120
2122
2124
2122
2120
2119
2114
2107
2102
2095
2090
2083
2079
2074
2070
2065
2058
2052
2046
2039
2034
2031
2030
2029
2031
2034
2037
2042
2046
2050
2054
2060
2064
2070
2078
2085
2092
2100
2105
2110
2114
2117
2120
2123
2125
2126
2129
2130
2130
2130
2129
2128
2127
2125
2123
2125
2126
2126
2130
2134
2136
2140
2144
2146
2151
2154
2158
2163
2169
2173
2179
2184
2189
2193
2196
2200
2201
2201
2202
2202
2201
2200
2198
2197
2196
2195
2193
2191
2189
2186
2183
2180
2177
2173
2170
2167
2165
2162
2160
2158
2156
2155
2153
2151
2149
2146
2144
2142
2139
2137
2135
2133
2131
2130
2128
2126
2126
2125
2124
2124
2123
2122
2122
2120
2118
2118
2116
2114
2113
2111
2110
2108
2105
2102
2098
2092
2086
2080
2072
2066
2058
2049
2040
2031
2020
2009
1999
1987
1977
1968
1958
1949
1941
1935
1929
1923
1919
1915
1911
1911
1910
1909
1911
1912
1913
1917
1920
1922
1925
1928
1929
1931
1933
1935
1937
1938
1940
1942
1944
1945
1946
1947
1947
1948
1948
1948
1948
1949
1950
1951
1954
1957
1959
1963
1966
1968
1974
1978
1981
1988
1993
1997
2005
2011
2016
2023
2027
2031
2036
2038
2040
2044
2046
2048
2050
2052
2054
2055
2056
2057
2058
2058
2059
2070
2085
2098
2128
2166
2199
2243
2293
2338
2396
2468
2532
2616
2728
2826
2938
3084
3208
3318
3418
3505
2819
2819
2819
2818
2818
2818
2817
2817
2816
2815
2815
2815
2814
2814
2813
2813
2813
2812
2811
2811
2810
2810
2809
2809
2809
2808
2808
2808
2808
2809
2809
2809
2810
2811
2811
2812
2812
2813
2813
2813
2813
2813
2814
2814
2814
2814
2815
2815
2816
2816
2816
2817
2818
2818
2819
2819
2819
2820
2820
2820
2820
2820
2820
2820
2819
2819
2819
2818
2818
2817
2817
2816
2815
2815
2814
2814
2813
2813
2813
2812
2812
2811
2812
2811
2811
2812
2812
2811
2812
2812
2811
2811
2811
2811
2810
2810
2810
2810
2810
2810
2811
2811
2811
2812
2812
2813
2813
2813
2813
2814
2814
2815
2815
2815
2815
2815
2816
2816
2817
2817
2817
2818
2818
2818
2818
2818
2818
2819
2819
2819
2820
2820
2821
2822
2822
2823
2823
2824
2824
2825
2825
2826
2826
2827
2827
2827
2827
2827
2827
2828
2828
2827
2828
2827
2827
2827
2827
2827
2826
2826
2826
2825
2825
2825
2825
2824
2824
2824
2823
2823
2823
2822
2822
2822
2822
2822
2822
2822
2822
2822
2822
2822
2822
2822
2822
2821
2821
2821
2821
2821
2820
2820
2820
2820
2820
2820
2820
2819
2819
2819
2818
2818
2818
2817
2818
2817
2817
2817
2817
2816
2816
2816
2816
2816
2816
2815
2815
2815
2815
2814
2814
2813
2814
2813
2813
2813
2813
2814
2814
2814
2814
2814
2815
2814
2814
2815
2814
2814
2814
2814
2814
2815
2815
2814
2815
2815
2815
2816
2816
2816
2817
2818
2818
2819
2819
2819
2820
2820
2820
2821
2821
2822
2822
2822
2822
2823
2823
2823
2823
2822
2822
2822
2822
2822
2822
2821
2821
2821
2821
2821
2820
2820
2819
2818
2818
2817
2817
2816
2816
2815
2815
2814
2813
2813
2813
2812
2813
2813
2812
2813
2813
2813
2813
2813
2813
2814
2815
2815
2816
2816
2817
2817
2818
2819
2819
2820
2820
2820
2821
2821
2821
2821
