1370
1369
1369
1369
1368
1368
1368
1369
1367
1367
1368
1369
1368
1368
1368
1368
1367
1367
1367
1367
1367
1369
1367
1368
1367
1366
1368
1367
1368
1367
1368
1368
1367
1368
1368
1369
1368
1368
1368
1367
1369
1367
1367
1368
1367
1367
1367
1367
1367
1366
1366
1366
1366
1366
1367
1365
1366
1366
1366
1367
1365
1367
1365
1366
1367
1366
1366
1365
1366
1366
1365
1366
1366
1365
1367
1366
1367
1367
1368
1369
1368
1369
1367
1369
1368
1368
1368
1367
1368
1367
1367
1366
1366
1367
1367
1367
1367
1366
1367
1366
1367
1365
1366
1367
1366
1366
1366
1366
1367
1367
1367
1366
1368
1368
1367
1368
1368
1369
1368
1368
1368
1368
1369
1368
1370
1369
1368
1368
1368
1368
1368
1368
1368
1368
1369
1369
1368
1369
1367
1369
1368
1367
1368
1368
1369
1367
1369
1369
1368
1370
1369
1370
1370
1370
1370
1370
1370
1368
1370
1369
1369
1370
1370
1371
1370
1370
1370
1369
1371
1369
1371
1369
1370
1372
1370
1370
1370
1371
1370
1370
1371
1370
1371
1371
1369
1371
1370
1371
1370
1371
1371
1372
1372
1372
1373
1372
1372
1372
1372
1372
1372
1372
1373
1373
1372
1372
1373
1372
1373
1372
1372
1373
1372
1373
1374
1374
1377
1368
1380
1366
1380
1367
1378
1371
1376
1373
1371
1372
1377
1370
1380
1367
1379
1369
1375
1371
1371
1372
1371
1373
1370
1371
1368
1373
1370
1374
1370
1373
1370
1373
1369
1374
1371
1371
1372
1370
1373
1371
1370
1372
1369
1374
1369
1373
1370
1371
1369
1370
1370
1371
1368
1372
1370
1371
1371
1369
1371
1370
1373
1370
1370
1370
1371
1372
1370
1371
1370
1371
1371
1372
1371
1371
1371
1370
1371
1372
1371
1370
1370
1369
1370
1371
1371
1371
1370
1370
1371
1370
1371
1369
1371
1372
1370
1371
1369
1372
1371
1372
1372
1370
1371
1371
1371
1372
1370
1371
1369
1371
1370
1370
1370
1369
1370
1370
1370
1370
1370
1370
1370
1370
1370
1369
1370
1369
1370
1370
1369
1370
1369
1371
1370
1371
1369
1369
1370
1370
1370
1370
1369
1370
1371
1369
1369
1368
1368
1369
1369
1368
1368
1366
1369
1368
1368
1367
1367
1369
1368
1368
1368
1367
1367
1368
1367
1368
1366
1366
1367
1367
1368
1366
1366
1367
1367
1366
1366
1366
1366
1367
1366
1367
1366
1367
1367
1367
1367
1366
1368
1367
1368
1368
1367
1369
1367
1368
1368
1368
1368
1367
1368
1369
1369
1368
1368
1368
1368
1368
1369
1367
1369
1368
1370
1369
1369
1369
1369
1369
1370
1369
1369
1369
1370
1370
1370
1369
1370
1369
1369
1370
1369
1370
1370
1369
1371
1368
1370
1370
1370
1370
1369
1371
1370
1370
1371
1370
1371
1369
1370
1370
1370
1371
1370
1370
1370
1369
1370
1370
1369
1369
1368
1370
1369
1369
1369
1368
1369
1370
1370
1369
1368
1369
1370
1369
1369
1369
1369
1370
1370
1370
1369
1370
1371
1370
1371
1371
1370
1372
1371
1370
1370
1371
1371
1370
1370
1370
1369
1371
1370
1370
1369
1368
1370
1369
1369
1368
1369
1370
1370
1370
1369
1370
1370
1369
1370
1369
1369
1369
1370
1370
1370
1369
1370
1370
1370
1369
1370
1370
1371
1370
1369
1370
1370
1369
1370
1369
1370
1369
1370
1368
1369
1370
1369
1370
1368
1369
1369
1369
1369
1368
1369
1369
1369
1370
1369
1369
1370
1371
1369
1369
1369
1370
1370
1369
1368
1369
1369
1369
1369
1368
1369
1369
1369
1368
1369
1368
1369
1369
1369
1369
1370
1370
1369
1370
1370
1370
1370
1367
1369
1368
1369
1369
1367
1369
1369
1369
1369
1367
1368
1368
1369
1369
1367
1368
1367
1367
1368
1368
1368
1368
1368
1368
1368
1368
1368
1367
1367
1369
1368
1368
1367
1369
1368
1369
1368
1367
1368
1368
1369
1369
1368
1366
1377
1375
1368
1299
1341
1326
1245
1074
629
804
1188
1537
1371
1369
1369
1368
1369
1369
1368
1367
1367
1369
1368
1368
1368
1368
1370
1370
1369
1369
1369
1370
1369
1370
1368
1368
1369
1368
1368
1368
1367
1368
1367
1368
1367
1367
1368
1367
1368
1367
1367
1367
1367
1367
1367
1367
1367
1367
1368
1369
1368
1368
1369
1369
1368
1369
1369
1369
1368
1368
1369
1370
1370
1368
1369
1369
1369
1370
1368
1369
1369
1370
1370
1368
1369
1368
1370
1370
1368
1369
1368
1369
1369
1368
1369
1368
1369
1369
1368
1368
1368
1368
1368
1369
1368
1368
1369
1369
1369
1369
1369
1369
1369
1368
1369
1369
1369
1368
1369
1369
1369
1369
1369
1369
1369
1368
1368
1369
1369
1368
1369
1369
1368
1368
1368
1369
1369
1369
1369
1369
1370
1369
1369
1369
1369
1370
1369
1370
1369
1369
