1376
1375
1377
1375
1376
1375
1376
1376
1375
1376
1375
1376
1377
1376
1377
1375
1377
1377
1376
1375
1375
1377
1376
1376
1375
1375
1376
1375
1376
1375
1375
1376
1375
1377
1376
1376
1375
1375
1377
1376
1376
1375
1375
1378
1376
1376
1375
1373
1376
1376
1376
1374
1375
1376
1375
1376
1375
1376
1375
1375
1376
1375
1377
1376
1375
1376
1376
1377
1374
1374
1375
1375
1377
1373
1374
1374
1375
1376
1374
1374
1375
1376
1375
1374
1374
1374
1376
1374
1375
1376
1374
1375
1375
1375
1376
1376
1376
1374
1375
1375
1375
1375
1374
1374
1375
1375
1375
1373
1376
1374
1374
1374
1374
1375
1373
1374
1374
1374
1376
1375
1374
1374
1375
1375
1374
1374
1373
1374
1374
1373
1373
1373
1374
1372
1374
1374
1375
1375
1374
1375
1375
1376
1375
1375
1376
1376
1376
1375
1376
1377
1375
1377
1375
1376
1377
1375
1376
1375
1377
1377
1376
1377
1375
1377
1377
1378
1378
1377
1378
1377
1377
1376
1378
1378
1379
1379
1377
1379
1379
1379
1379
1378
1379
1378
1379
1380
1378
1378
1378
1378
1379
1377
1378
1377
1378
1378
1378
1378
1377
1378
1378
1377
1378
1378
1378
1378
1379
1379
1378
1379
1378
1378
1379
1378
1379
1377
1378
1379
1379
1378
1378
1378
1378
1379
1379
1381
1381
1378
1381
1377
1377
1379
1378
1376
1382
1375
1378
1378
1376
1380
1379
1378
1378
1379
1379
1380
1381
1378
1379
1381
1380
1380
1377
1380
1379
1382
1378
1378
1378
1378
1380
1380
1379
1377
1380
1378
1379
1380
1377
1381
1378
1376
1381
1378
1382
1379
1378
1380
1379
1382
1379
1380
1380
1380
1381
1378
1381
1378
1381
1379
1378
1380
1379
1378
1379
1376
1378
1378
1378
1378
1379
1379
1378
1379
1377
1378
1378
1377
1378
1377
1378
1378
1375
1378
1376
1379
1377
1376
1377
1376
1379
1376
1377
1377
1378
1378
1377
1377
1375
1378
1376
1376
1377
1376
1377
1376
1376
1377
1376
1377
1376
1376
1378
1376
1376
1376
1377
1378
1376
1377
1376
1378
1377
1378
1378
1376
1379
1376
1379
1378
1376
1377
1376
1378
1377
1377
1377
1376
1378
1376
1377
1377
1376
1377
1377
1377
1376
1377
1377
1376
1378
1376
1377
1377
1377
1377
1377
1378
1377
1378
1378
1377
1378
1376
1376
1378
1378
1378
1375
1375
1377
1377
1378
1375
1375
1376
1377
1377
1373
1375
1376
1376
1377
1374
1375
1375
1376
1376
1375
1376
1375
1376
1375
1375
1376
1375
1376
1374
1377
1376
1375
1375
1375
1377
1377
1375
1376
1374
1379
1376
1376
1377
1376
1378
1376
1376
1377
1376
1376
1375
1377
1376
1377
1376
1376
1377
1376
1378
1377
1375
1377
1377
1379
1376
1376
1378
1377
1379
1377
1378
1378
1378
1379
1377
1379
1379
1378
1378
1377
1379
1378
1379
1379
1378
1379
1377
1379
1379
1378
1379
1378
1378
1378
1379
1378
1377
1378
1379
1379
1379
1378
1378
1379
1379
1379
1379
1379
1379
1379
1379
1379
1379
1379
1378
1379
1379
1377
1378
1378
1379
1379
1377
1377
1378
1378
1379
1377
1378
1376
1378
1378
1377
1378
1377
1377
1378
1378
1378
1377
1377
1377
1378
1377
1378
1376
1375
1377
1377
1376
1376
1374
1376
1376
1375
1376
1374
1376
1376
1376
1375
1374
1376
1376
1376
1377
1375
1377
1377
1377
1377
1378
1377
1376
1377
1377
1378
1377
1376
1377
1377
1378
1377
1375
1376
1377
1379
1377
1376
1377
1378
1379
1377
1377
1377
1377
1379
1377
1378
1377
1379
1378
1377
1378
1377
1377
1377
1378
1379
1378
1377
1378
1378
1379
1378
1378
1377
1378
1379
1376
1378
1375
1378
1378
1377
1378
1376
1378
1377
1376
1378
1376
1378
1377
1376
1376
1377
1377
1376
1376
1375
1376
1376
1374
1376
1375
1376
1374
1374
1375
1372
1375
1377
1375
1373
1378
1386
1366
1371
1382
1368
1391
1434
944
795
643
1087
1126
1260
1486
1330
1748
1375
1375
1374
1375
1375
1375
1375
1374
1374
1374
1375
1376
1375
1375
1374
1374
1375
1376
1376
1374
1375
1374
1377
1376
1375
1375
1374
1378
1376
1374
1375
1376
1378
1376
1375
1376
1376
1377
1375
1376
1378
1377
1377
1376
1377
1378
1378
1377
1376
1379
1378
1378
1377
1377
1378
1377
1379
1375
1377
1378
1377
1378
1376
1378
1377
1378
1378
1376
1377
1377
1378
1376
1377
1378
1376
1377
1377
1377
1378
1377
1377
1377
1379
1378
1376
1377
1377
1378
1377
1375
1377
1377
1378
1376
1375
1378
1376
1378
1376
1377
1378
1376
1377
1375
1377
1377
1377
1376
1376
1377
1377
1377
1376
1376
1378
1376
1377
1375
1376
1379
1376
1377
1375
1376
1377
1376
1377
1374
1376
