1367
1368
1369
1368
1368
1367
1369
1369
1368
1368
1367
1368
1368
1369
1368
1368
1369
1368
1370
1369
1369
1369
1368
1370
1367
1369
1368
1367
1369
1367
1369
1367
1367
1367
1366
1368
1366
1366
1367
1365
1367
1365
1367
1366
1365
1368
1366
1367
1366
1365
1367
1367
1366
1365
1365
1366
1366
1366
1365
1364
1366
1367
1366
1364
1366
1365
1366
1367
1365
1367
1365
1366
1366
1364
1366
1364
1366
1364
1365
1366
1365
1365
1364
1366
1367
1366
1366
1365
1368
1367
1366
1366
1365
1368
1367
1366
1367
1366
1368
1367
1367
1367
1367
1368
1366
1367
1367
1367
1367
1366
1366
1366
1367
1367
1366
1366
1366
1366
1366
1365
1366
1366
1367
1366
1366
1367
1368
1368
1368
1369
1368
1368
1369
1368
1370
1369
1369
1369
1369
1369
1369
1370
1370
1369
1370
1369
1369
1368
1368
1369
1367
1369
1368
1369
1367
1367
1368
1366
1368
1367
1367
1367
1367
1369
1367
1368
1368
1369
1369
1367
1370
1368
1369
1368
1368
1371
1369
1371
1370
1370
1371
1369
1371
1370
1370
1371
1370
1371
1370
1370
1370
1371
1371
1370
1370
1370
1370
1371
1370
1371
1370
1370
1371
1370
1371
1370
1370
1370
1370
1371
1369
1371
1370
1371
1371
1370
1371
1369
1371
1370
1371
1370
1370
1372
1369
1374
1369
1369
1367
1370
1370
1368
1367
1370
1364
1373
1366
1371
1370
1370
1373
1369
1374
1369
1373
1371
1370
1372
1369
1374
1372
1372
1373
1372
1375
1371
1372
1370
1372
1370
1370
1370
1371
1372
1370
1370
1369
1373
1371
1370
1370
1369
1373
1372
1372
1371
1371
1373
1371
1372
1369
1372
1371
1368
1371
1369
1373
1370
1371
1370
1370
1373
1369
1371
1371
1370
1371
1369
1370
1369
1371
1368
1371
1369
1371
1372
1368
1372
1369
1372
1370
1369
1369
1369
1372
1371
1369
1369
1369
1371
1370
1368
1369
1368
1370
1367
1368
1368
1367
1369
1367
1368
1367
1368
1368
1367
1369
1368
1368
1367
1367
1369
1368
1367
1368
1367
1368
1368
1368
1367
1367
1369
1368
1369
1369
1370
1368
1369
1368
1368
1368
1367
1368
1370
1369
1369
1366
1368
1369
1367
1369
1366
1369
1370
1368
1368
1365
1369
1369
1369
1368
1367
1369
1369
1368
1367
1366
1369
1368
1369
1367
1367
1370
1368
1368
1366
1368
1368
1367
1368
1368
1368
1368
1367
1369
1368
1368
1366
1368
1369
1367
1368
1367
1368
1370
1368
1369
1368
1370
1370
1368
1368
1368
1371
1369
1369
1369
1368
1372
1368
1368
1368
1369
1371
1368
1369
1368
1369
1369
1367
1370
1369
1370
1369
1367
1369
1369
1370
1369
1369
1370
1369
1370
1367
1369
1369
1370
1369
1369
1370
1370
1370
1371
1370
1371
1371
1370
1369
1370
1371
1370
1370
1369
1369
1371
1370
1371
1368
1370
1370
1369
1370
1368
1369
1370
1369
1370
1369
1369
1370
1369
1371
1369
1370
1369
1370
1370
1369
1370
1369
1370
1370
1370
1370
1370
1370
1369
1371
1371
1369
1370
1370
1370
1370
1369
1369
1369
1370
1369
1370
1370
1369
1371
1369
1370
1370
1369
1371
1370
1371
1370
1370
1371
1370
1372
1369
1370
1371
1370
1371
1369
1370
1370
1370
1369
1369
1369
1369
1370
1368
1368
1370
1368
1368
1367
1369
1369
1368
1368
1366
1370
1369
1368
1368
1366
1369
1367
1367
1368
1366
1368
1367
1367
1366
1365
1367
1366
1368
1366
1366
1367
1365
1368
1367
1367
1366
1366
1368
1368
1367
1367
1366
1369
1368
1366
1368
1368
1370
1369
1368
1368
1368
1370
1368
1369
1367
1370
1369
1368
1368
1368
1369
1368
1369
1369
1367
1369
1367
1369
1369
1368
1369
1366
1368
1368
1367
1369
1365
1369
1367
1368
1368
1367
1369
1367
1370
1368
1368
1369
1369
1370
1367
1367
1369
1368
1369
1366
1365
1367
1371
1366
1360
1369
1364
1356
1369
1380
1377
1366
1333
1514
1366
1369
1367
1368
1366
1367
1368
1366
1368
1365
1367
1366
1366
1368
1366
1367
1367
1367
1368
1366
1367
1365
1367
1366
1366
1367
1365
1367
1366
1368
1368
1366
1366
1366
1367
1368
1367
1367
1366
1369
1368
1368
1367
1367
1370
1368
1368
1368
1368
1369
1368
1368
1367
1368
1369
1368
1368
1368
1369
1369
1368
1367
1367
1370
1370
1368
1368
1369
1371
1368
1368
1369
1369
1371
1368
1367
1369
1369
1369
1368
1369
1370
1370
1370
1368
1370
1370
1370
1369
1369
1371
1370
1370
1369
1370
1371
1370
1370
1370
1368
1371
1369
1369
1368
1369
1369
1369
1371
1368
1369
1370
1370
1370
1368
1370
1369
1371
1370
1368
1370
1368
1370
1369
1369
1369
1367
1369
1368
1370
1368
1368
1369
1368
1368
1367
1366
1370
1367
1369
