3530
3552
3571
3589
3611
3629
3645
3665
3682
3697
3713
3726
3738
3748
3756
3763
3767
3769
3769
3768
3761
3755
3749
3733
3719
3707
3685
3663
3644
3620
3591
3566
3539
3505
3475
3448
3411
3378
3350
3313
3278
3248
3214
3178
3147
3115
3082
3051
3023
2991
2962
2936
2906
2878
2853
2826
2799
2774
2749
2723
2699
2676
2649
2625
2603
2576
2551
2530
2502
2476
2453
2426
2398
2374
2349
2321
2296
2274
2245
2220
2199
2175
2152
2133
2114
2096
2081
2068
2055
2045
2036
2031
2027
2024
2027
2030
2033
2043
2054
2063
2076
2094
2108
2123
2145
2164
2180
2204
2225
2243
2266
2288
2307
2328
2349
2368
2386
2406
2424
2440
2458
2473
2487
2502
2515
2527
2539
2550
2560
2570
2580
2588
2596
2606
2615
2622
2633
2643
2652
2664
2677
2688
2702
2718
2733
2749
2770
2788
2805
2831
2853
2873
2899
2924
2947
2971
2996
3018
3039
3063
3083
3101
3119
3135
3149
3160
3170
3179
3184
3187
3189
3189
3186
3183
3179
3172
3165
3160
3150
3142
3135
3125
3117
3109
3101
3095
3089
3083
3081
3078
3075
3075
3074
3075
3076
3077
3079
3082
3086
3089
3093
3099
3104
3108
3112
3116
3119
3121
3122
3123
3122
3121
3119
3116
3111
3107
3102
3096
3089
3084
3076
3069
3064
3057
3050
3045
3040
3035
3031
3027
3026
3024
3023
3025
3027
3029
3033
3037
3041
3047
3054
3060
3068
3078
3087
3095
3108
3120
3129
3142
3154
3164
3176
3188
3198
3209
3221
3231
3240
3252
3261
3269
3280
3289
3298
3307
3316
3324
3333
3343
3351
3359
3370
3379
3387
3398
3408
3417
3426
3435
3443
3450
3458
3464
3469
3474
3479
3482
3484
3487
3489
3489
3489
3489
3486
3483
3480
3476
3469
3463
3455
3445
3435
3427
3414
3403
3394
3381
3369
3359
3346
3333
3322
3310
3296
3284
3273
3259
3247
3236
3222
3210
3199
3186
3173
3161
3149
3136
3125
3113
3100
3088
3078
3065
3053
3043
3030
3018
3006
2994
2981
2969
2957
2943
2930
2918
2902
2888
2875
2859
2843
2829
2813
2797
2782
2767
2751
2736
2722
2706
2692
2678
2663
2649
2636
2624
2612
2601
2592
2583
2576
2569
2564
2559
2555
2553
2551
2549
2550
2551
2552
2555
2558
2562
2565
2570
2574
2578
2584
2588
2593
2598
2603
2607
2612
2616
2620
2624
2628
2631
2634
2636
2639
2641
2642
2644
2645
2645
2646
2646
2646
2645
2645
2644
2644
2644
2644
2644
2644
2644
2645
2645
2645
2646
2647
2648
2649
2651
2652
2653
2655
2657
2659
2661
2663
2665
2667
2669
2670
2671
2672
2673
2673
2673
2673
2673
2671
2670
2669
2667
2665
2663
2661
2658
2655
2652
2649
2645
2642
2638
2634
2631
2627
2623
2619
2615
2611
2607
2603
2600
2597
2593
2591
2588
2586
2584
2582
2581
2579
2578
2578
2577
2577
2577
2576
2577
2577
2577
2577
2577
2577
2577
2577
2577
2576
2576
2575
2574
2573
2572
2570
2568
2566
2564
2561
2558
2555
2552
2548
2544
2540
2536
2532
2529
2524
2520
2517
2512
2508
2505
2501
2497
2493
2489
2486
2483
2480
2477
2474
2472
2470
2469
2467
2466
2466
2465
2465
2465
2466
2466
2468
2470
2471
2474
2476
2478
2482
2484
2487
2491
2494
2497
2501
2504
2508
2510
2514
2517
2521
2524
2527
2530
2534
2537
2540
2543
2547
2550
2553
2557
2560
2563
2568
2572
2575
2581
2586
2591
2597
2603
2608
2614
2621
2627
2632
2640
2646
2652
2660
2667
2673
2680
2686
2693
2698
2704
2709
2713
2717
2721
2724
2727
2730
2732
2734
2736
2737
2738
2738
2739
2739
2739
2739
2739
2739
2739
2739
2739
2740
2740
2742
2744
2745
2747
2750
2753
2756
2760
2764
2768
2773
2778
2782
2787
2792
2797
2802
2807
2812
2817
2823
2828
2832
2837
2842
2847
2851
2855
2858
2862
2866
2869
2872
2875
2878
2880
2883
2886
2888
2890
2893
2895
2898
2900
2903
2905
2909
2912
2914
2918
2922
2925
2929
2932
2936
2939
2944
2948
2951
2956
2960
2964
2968
2972
2975
2978
2981
2985
2987
2990
2992
2994
2996
2998
2999
3001
3002
3003
3004
3004
3005
3005
3003
3003
3001
2999
2997
2995
2992
2989
2987
2983
2981
2978
2975
2971
2968
2964
2961
2957
2954
2950
2946
2942
2937
2933
2930
2925
2921
2917
2914
2910
2907
2903
2900
2897
2893
2890
2887
2884
2880
2877
2874
2870
2866
2863
2860
2857
2855
2852
2849
2846
2844
2842
2840
2838
2836
2834
2832
2830
2829
2828
2826
2825
2824
2822
2821
2820
2819
2819
2818
2817
2815
2815
2814
2813
2811
2810
2809
2808
2806
2805
2803
2801
2799
2797
2795
2794
2792
2790
2788
2786
2783
2781
2779
2776
2774
2772
2769
2766
2764
2761
2759
2756
2753
2751
2749
2746
2743
2741
2739
2736
2733
2731
2728
2725
2722
2719
2716
2713
2709
2706
2702
2699
2695
2691
2688
2684
2681
2678
2674
2671
2668
2665
2661
2657
2654
2650
2646
2642
2638
2634
2630
2625
2621
2617
2613
2609
2604
2600
2596
2591
2587
2583
2579
2575
2572
2568
2566
2563
2560
2558
2555
2554
2552
2550
2550
2549
2548
2547
2547
2547
2547
2547
2548
2548
2549
2550
2550
2552
2553
2554
2556
2557
2559
2561
2563
2565
2567
2569
2571
2573
2576
2578
2579
2582
2585
2587
2591
2594
2597
2600
2604
2608
2612
2617
2621
2625
2632
2637
2643
2650
2656
2663
2670
2679
2686
2695
2704
2712
2719
2729
2737
2745
2753
2762
2769
2776
2783
2789
2795
2801
2807
2811
2816
2821
2825
2828
2831
2834
2836
2838
2840
2841
2842
2844
2844
2845
2845
2846
2846
2846
2845
2845
2844
2844
2843
2842
2841
2840
2838
2837
2836
2834
2832
2831
2829
2826
2824
2822
2820
2819
2817
2815
2814
2812
2811
2809
2808
2806
2805
2804
2803
2801
2800
2800
2799
2799
2799
2800
2800
2801
2802
2803
2805
2806
2808
2809
2811
2813
2814
2816
2818
2820
2821
2823
2824
2825
2826
2827
2828
2829
2830
2830
2831
2832
2832
2833
2833
2834
2834
2834
2835
2835
2835
2836
2837
2838
2839
2840
2842
2844
2846
2848
2851
2854
2856
2859
2862
2865
2867
2870
2873
2875
2877
2880
2881
2884
2886
2888
2890
2892
2894
2895
2896
2897
2897
2897
2897
2896
2895
2894
2893
2891
2889
2887
2885
2882
2880
2876
2873
2871
2867
2864
2861
2858
2854
2851
2848
2845
2842
2839
2836
2833
2830
2827
2824
2822
2819
2818
2815
2813
2811
2810
2808
2806
2804
2803
2801
2799
2797
2795
2794
2792
2791
2790
2789
2788
2787
2787
2787
2786
2787
2787
2787
2788
2788
2789
2790
2791
2792
2794
2795
2797
2798
2801
2802
2805
2807
2810
2812
2815
2818
2820
2822
2824
2826
2827
2829
2830
2831
2832
2833
2833
2833
2834
2833
2833
2832
2831
2830
2829
2828
2826
2825
2824
2822
2821
2820
2819
2818
2817
2816
2815
2815
2815
2814
2814
2814
2813
2813
2813
2813
2812
2812
2811
2811
2811
2811
2811
2811
2811
2810
2810
2809
2808
2807
2806
2805
2804
2803
2802
2801
2800
2799
2798
2798
2797
2797
2797
2797
2796
2797
2797
2798
2799
2799
2799
2800
2800
2800
2801
2801
2801
2801
2800
2800
2800
2800
2799
2799
2799
2798
2798
2797
2797
2797
2796
2796
2796
2795
2795
2794
2794
2794
2793
2793
2793
2792
2793
2793
2793
2793
2793
2794
2795
2796
2798
2799
2801
2802
2803
2804
2805
2806
2807
2807
2808
2808
2808
2809
2809
2809
2809
2809
2809
2809
2808
2807
2806
2806
2805
2804
2803
2802
2801
2799
2798
2797
2795
2793
2792
2791
2789
2788
2786
2785
2784
2782
2781
2779
2777
2775
2774
2772
2770
2769
2768
2767
2766
2765
2763
2762
2761
2760
2759
2758
2756
2755
2753
2752
2751
2750
2749
2747
2747
2746
2745
2745
2744
2743
2743
2743
2743
2743
2743
2744
2744
2745
2747
2748
2750
2751
2753
2755
2758
2760
2762
2765
2768
2770
2774
2777
2779
2782
2785
2788
2791
2793
2796
2798
2801
2803
2806
2808
2810
2811
2814
2815
2817
2819
2822
2824
2826
2829
2831
2834
2837
2840
2842
2845
2848
2850
2854
2857
2859
2862
2866
2868
2871
2874
2876
2879
2882
2884
2886
2889
2891
2893
2896
2898
2900
2901
2903
2904
2905
2906
2907
2907
2908
2908
2908
2908
2907
2907
2906
2905
2904
2903
2902
2901
2900
2899
2898
2896
2895
2894
2893
2891
2890
2889
2887
2886
2884
2883
2882
2881
2879
2878
2876
2875
2873
2870
2869
2867
2865
2863
2861
2859
2858
2856
2855
2854
2852
2850
2848
2847
2845
2843
2842
2840
2839
2837
2836
2835
2833
2832
2831
2830
2829
2827
2826
2825
2823
2822
2821
2820
2819
2818
2816
2815
2813
2812
2811
2810
2809
2808
2807
2805
2804
2802
2801
2799
2797
2795
2793
2791
2789
2787
2785
2783
2781
2780
2778
2777
2775
2774
2773
2772
2771
2770
2770
2769
2769
2769
2769
2768
2768
2768
2768
2768
2768
2768
2768
2769
2769
2769
2770
2770
2770
2770
2771
2771
2772
2772
2772
2773
2772
2773
2773
2773
2774
2774
2774
2774
2775
2775
2776
2776
2777
2777
2777
2777
2777
2777
2777
2777
2776
2776
2775
2775
2775
2774
2773
2773
2772
2771
2770
2768
2767
2766
2765
2763
2762
2761
2760
2759
2759
2758
2757
2757
2757
2756
2756
2757
2757
2757
2757
2758
2758
2759
2760
2760
2761
2762
2762
2763
2764
2765
2765
2766
2767
2767
2768
2769
2769
2770
2770
2770
2771
2772
2773
2774
2774
2775
2776
2777
2778
2779
2780
2781
2781
2782
2783
2784
2785
2787
2788
2789
2789
2790
2791
2792
2792
2793
2793
2793
2794
2793
2793
2793
2793
2792
2792
2792
2792
2791
2791
2791
2791
2790
2790
2790
2790
2790
2790
2790
2790
2790
2790
2789
2789
2789
2789
2789
2789
2789
2790
2790
2791
2791
2791
2792
2792
2792
2793
2793
2794
2794
2795
2795
2796
2797
2797
2797
2797
2797
2798
2798
2798
2799
2799
2799
2799
2799
2800
2800
2800
2800
2801
2802
2802
2803
2804
2806
2806
2808
2810
2811
2813
2814
2817
2818
2821
2823
2825
2827
2829
2831
2834
2835
2837
2839
2841
2843
2844
2846
2848
2850
2853
2855
2856
2859
2861
2863
2866
2869
2871
2874
2876
2879
2881
2884
2887
2889
2892
2894
2897
2899
2901
2903
2905
2907
2909
2910
2911
2912
2912
2913
2913
2913
2913
2913
2913
2912
2911
2911
2910
2909
2908
2907
2907
2906
2905
2904
2903
2902
2901
2900
2899
2898
2896
2895
2894
2893
2891
2890
2889
2888
2887
2886
2885
2884
2883
2881
2880
2878
2877
2875
2874
2872
2871
2869
2868
2866
2865
2863
2861
2859
2857
