2794
2794
2793
2793
2792
2792
2791
2790
2790
2789
2789
2788
2788
2787
2787
2787
2786
2786
2786
2786
2786
2786
2786
2786
2787
2788
2788
2789
2790
2791
2791
2792
2792
2793
2793
2793
2793
2793
2794
2794
2794
2794
2794
2794
2794
2794
2793
2793
2793
2792
2791
2791
2791
2790
2789
2789
2789
2788
2788
2787
2787
2787
2787
2787
2787
2787
2787
2787
2787
2787
2787
2787
2787
2786
2786
2786
2786
2786
2787
2787
2786
2787
2787
2788
2787
2788
2788
2788
2789
2789
2789
2789
2789
2789
2789
2790
2790
2789
2790
2790
2790
2790
2791
2791
2791
2792
2792
2792
2792
2793
2793
2793
2794
2795
2795
2795
2795
2795
2796
2796
2797
2797
2797
2798
2798
2799
2798
2798
2798
2798
2798
2798
2798
2798
2798
2798
2798
2798
2797
2797
2797
2796
2797
2796
2796
2796
2796
2796
2796
2796
2796
2796
2796
2795
2795
2795
2795
2795
2794
2794
2794
2794
2794
2794
2793
2793
2794
2792
2792
2794
2793
2794
2793
2794
2795
2797
2799
2800
2801
2806
2810
2813
2821
2830
2838
2848
2862
2875
2884
2902
2917
2930
2947
2964
2977
2991
3007
3019
3031
3037
3044
3048
3048
3045
3041
3037
3022
3009
2997
2975
2951
2929
2904
2870
2841
2812
2771
2733
2699
2656
2612
2573
2534
2493
2456
2424
2391
2361
2336
2312
2289
2270
2251
2232
2215
2200
2184
2168
2155
2139
2122
2108
2093
2071
2052
2035
2009
1984
1964
1940
1913
1890
1870
1845
1824
1805
1789
1773
1760
1751
1744
1738
1734
1737
1739
1740
1753
1765
1776
1792
1815
1833
1849
1875
1896
1914
1934
1952
1967
1980
1994
2004
2013
2021
2026
2031
2032
2031
2029
2026
2018
2010
2004
1995
1986
1978
1972
1966
1960
1956
1956
1954
1952
1956
1959
1962
1968
1977
1984
1991
2006
2017
2026
2041
2054
2065
2077
2090
2101
2110
2121
2130
2137
2144
2149
2153
2156
2159
2161
2163
2168
2172
2175
2182
2189
2196
2203
2215
2224
2232
2245
2257
2267
2280
2292
2303
2313
2326
2337
2347
2357
2366
2373
2380
2385
2390
2392
2392
2391
2390
2385
2379
2373
2365
2353
2343
2333
2316
2301
2287
2271
2253
2238
2222
2205
2189
2175
2159
2145
2133
2121
2110
2101
2093
2087
2081
2076
2073
2069
2065
2063
2060
2058
2056
2055
2053
2051
2051
2049
2048
2047
2046
2044
2043
2043
2043
2042
2043
2043
2043
2044
2046
2047
2047
2051
2053
2055
2060
2064
2067
2072
2079
2084
2089
2096
2102
2106
2111
2114
2118
2119
2118
2117
2116
2111
2105
2101
2093
2084
2076
2067
2054
2043
2032
2017
2002
1990
1975
1958
1944
1931
1917
1904
1893
1885
1877
1870
1865
1861
1858
1856
1856
1855
1854
1856
1856
1857
1858
1860
1861
1862
1864
1866
1866
1869
1871
1872
1873
1877
1879
1880
1900
1917
1931
1965
2009
2045
2084
2143
2193
2236
2298
2356
2407
2472
2546
2611
2678
2772
2855
2928
3032
3129
3213
3305
3404
3489
3562
2788
2788
2788
2787
2787
2787
2787
2787
2787
2787
2787
2788
2788
2788
2788
2788
2788
2788
2789
2789
2789
2789
2790
2790
2790
2790
2790
2789
2789
2789
2789
2788
2788
2787
2787
2786
2786
2786
2786
2786
2786
2787
2787
2787
2787
2787
2787
2787
2787
2787
2787
2787
2787
2787
2787
2787
2787
2787
2787
2787
2787
2788
2788
2788
2788
2789
2789
2789
2790
2790
2790
2791
2791
2791
2791
2791
2791
2791
2791
2792
2791
2791
2792
2792
2791
2792
2792
2792
2792
2793
2793
2793
2794
2794
2794
2795
2795
2795
2795
2795
2795
2795
2796
2796
2796
2797
2797
2797
2797
2797
2797
2797
2797
2797
2797
2797
2796
2796
2796
2796
2795
2795
2795
2795
2795
2795
2794
2794
2794
2794
2794
2794
2794
2793
2793
2793
2793
2792
2792
2792
2792
2792
2792
2792
2792
2792
2793
2793
2794
2795
2795
2796
2797
2798
2798
2799
2799
2799
2799
2801
2801
2801
2802
2802
2802
2802
2802
2803
2802
2803
2803
2803
2803
2803
2803
2802
2802
2802
2802
2802
2802
2802
2802
2801
2801
2800
2800
2800
2799
2799
2799
2799
2799
2798
2798
2797
2797
2796
2796
2796
2795
2795
2795
2795
2795
2794
2795
2795
2795
2795
2795
2794
2794
2794
2794
2793
2793
2792
2792
2791
2791
2790
2789
2789
2789
2788
2789
2789
2789
2789
2789
2789
2789
2789
2789
2789
2789
2789
2789
2790
2790
2790
2790
2790
2791
2790
2791
2791
2791
2792
2792
2792
2792
2793
2793
2793
2793
2794
2794
2794
2794
2794
2794
2794
2794
2793
2794
2794
2794
2794
2794
2794
2793
2794
2794
2794
2794
2794
2795
2795
2795
2795
2795
2796
2795
2795
2795
2795
2795
2794
2794
2794
