3581
3649
3704
3755
3798
3834
3869
3894
3919
3940
3959
3975
3989
4002
4012
4021
4029
4038
4043
4049
4053
4057
4060
4066
4066
4069
4071
4072
4074
4077
4077
4078
4079
4080
4080
4081
4082
4082
4083
4083
4083
4084
4084
4085
4085
4085
4085
4085
4085
4086
4086
4086
4086
4086
4086
4086
4086
4086
4086
4086
4086
4086
4087
4086
4086
4087
4086
4085
4068
4050
4036
3999
3963
3932
3890
3850
3815
3778
3744
3714
3683
3655
3630
3606
3582
3562
3542
3522
3505
3486
3464
3444
3422
3393
3369
3341
3304
3272
3237
3192
3152
3113
3061
3015
2970
2910
2857
2806
2747
2693
2644
2593
2548
2508
2469
2435
2404
2373
2345
2320
2298
2279
2263
2254
2249
2244
2248
2254
2258
2266
2273
2279
2278
2272
2267
2253
2233
2216
2197
2176
2157
2143
2131
2121
2112
2107
2102
2098
2100
2100
2104
2119
2131
2144
2170
2193
2213
2245
2272
2296
2325
2350
2372
2394
2413
2430
2445
2457
2468
2475
2479
2483
2475
2464
2455
2429
2399
2373
2334
2290
2253
2213
2173
2139
2110
2084
2062
2048
2041
2035
2036
2047
2055
2069
2092
2112
2134
2166
2193
2220
2255
2285
2313
2348
2378
2405
2442
2474
2502
2542
2577
2609
2647
2681
2712
2746
2776
2804
2840
2873
2903
2942
2981
3015
3056
3095
3130
3167
3201
3230
3263
3294
3321
3350
3379
3404
3428
3451
3471
3486
3497
3506
3512
3513
3513
3513
3514
3514
3516
3524
3530
3538
3555
3569
3582
3603
3620
3635
3659
3679
3697
3732
3760
3786
3824
3858
3886
3912
3935
3954
3972
3987
4000
4012
4021
4030
4037
4043
4049
4054
4058
4062
4065
4068
4070
4072
4074
4076
4077
4078
4079
4080
4081
4082
4082
4083
4083
4084
4084
4084
4085
4085
4085
4085
4085
4086
4086
4086
4085
4084
4082
4079
4076
4059
4044
4031
4002
3976
3953
3918
3885
3858
3823
3791
3763
3733
3705
3682
3658
3635
3615
3594
3573
3555
3533
3510
3489
3465
3436
3411
3383
3350
3320
3288
3251
3218
3183
3142
3105
3069
3026
2988
2951
2906
2866
2827
2782
2740
2702
2660
2623
2590
2559
2532
2507
2487
2469
2453
2439
2426
2415
2405
2396
2388
2381
2375
2369
2363
2356
2350
2341
2329
2319
2305
2290
2277
2262
2248
2235
2225
2216
2207
2202
2198
2195
2193
2194
2194
2195
2199
2203
2208
2217
2225
2232
2243
2251
2259
2267
2274
2279
2283
2286
2289
2286
2284
2281
2274
2266
2259
2247
2236
2226
2214
2202
2191
2180
2168
2158
2149
2141
2133
2129
2126
2123
2124
2125
2127
2131
2135
2139
2143
2148
2151
2155
2159
2163
2166
2170
2174
2177
2179
2181
2182
2180
2177
2174
2167
2161
2155
2149
2142
2136
2133
2130
2127
2128
2127
2127
2130
2133
2134
2141
2147
2151
2160
2168
2175
2186
2196
2204
2215
2226
2235
2244
2252
2259
2263
2265
2266
2264
2258
2253
2246
2235
2225
2214
2199
2186
2171
2150
2132
2114
2089
2067
2047
2024
2004
1987
1971
1957
1945
1934
1925
1916
1907
1898
1891
1883
1876
1870
1868
1865
1863
1864
1865
1865
1867
1866
1867
1866
1864
1863
1863
1862
1862
1863
1865
1866
1869
1873
1876
1881
1887
1892
1899
1909
1918
1927
1942
1953
1964
1980
1994
2006
2023
2037
2050
2068
2082
2094
2110
2122
2133
2143
2151
2158
2164
2169
2172
2177
2179
2182
2184
2186
2188
2188
2188
2187
2187
2186
2185
2185
2186
2186
2188
2191
2193
2195
2197
2199
2200
2201
2202
2202
2201
2200
2199
2197
2195
2192
2188
2183
2178
2169
2162
2154
2144
2136
2128
2118
2109
2101
2093
2086
2079
2074
2069
2064
2063
2061
2060
2063
2066
2067
2073
2078
2082
2089
2095
2100
2107
2114
2119
2126
2133
2138
2144
2149
2152
2156
2159
2161
2163
2165
2166
2167
2169
2170
2172
2176
2179
2182
2189
2195
2201
2213
2223
2232
2250
2264
2277
2299
2317
2333
2359
2381
2401
2428
2453
2475
2504
2532
2556
2588
2618
2646
2679
2712
2741
2773
2803
2829
2856
2880
2901
2920
2938
2953
2968
2981
2992
3003
3014
3024
3033
3043
3052
3062
3074
3084
3096
3112
3126
3141
3163
3181
3199
3227
3251
3273
3307
3335
3361
3401
3435
3466
3508
3545
3577
3615
3649
3678
3708
3734
3758
3779
3797
3813
3825
3834
3842
3845
3846
3846
3842
3834
3828
3817
3803
3790
3773
3753
3735
3715
3691
3670
3648
3624
3602
3581
3559
3540
3521
3501
3483
3466
3447
3430
3414
3396
3380
3366
3350
3336
3323
3310
3299
3289
3280
3272
3265
3260
3256
3252
3250
3248
3246
3245
3242
3241
3238
3235
3233
3229
3225
3221
3216
3211
3206
3200
3192
3186
3178
3168
3159
3150
3139
3129
3120
3110
3101
3092
3082
3073
3064
3055
3046
3038
3030
3023
3015
3009
3003
2997
2990
2984
2978
2970
2962
2956
2947
2939
2932
2924
2916
2909
2902
2895
2889
2883
2877
2872
2867
2863
2858
2855
2851
2849
2846
2845
2843
2843
2843
2842
2843
2845
2846
2848
2850
2852
2854
2857
2860
2862
2864
2866
2867
2869
2870
2871
2872
2871
2871
2869
2867
2865
2861
2857
2853
2848
2843
2839
2833
2828
2823
2817
2810
2805
2798
2791
2786
2779
2773
2767
2762
2757
2752
2749
2746
2743
2741
2741
2740
2742
2744
2746
2750
2756
2761
2766
2775
2782
2790
2801
2810
2820
2833
2844
2856
2871
2884
2896
2912
2926
2938
2955
2970
2983
3001
3015
3029
3047
3062
3077
3093
3108
3121
3135
3149
3161
3174
3187
3198
3210
3221
3230
3241
3250
3258
3266
3273
3280
3286
3290
3295
3299
3302
3305
3307
3309
3310
3310
3310
3310
3309
3308
3306
3305
3303
3301
3300
3297
3295
3293
3291
3288
3286
3284
3281
3279
3275
3272
3269
3264
3258
3254
3247
3240
3234
3226
3217
3210
3202
3193
3186
3179
3171
3165
3159
3153
3147
3143
3138
3134
3132
3130
3129
3129
3131
3132
3135
3139
3143
3148
3154
3160
3165
3172
3178
3183
3188
3192
3195
3196
3197
3197
3194
3191
3187
3181
3174
3168
3157
3147
3139
3127
3115
3105
3092
3079
3068
3055
3043
3032
3019
3007
2997
2984
2972
2961
2948
2934
2922
2908
2894
2881
2866
2851
2837
2822
2805
2790
2774
2756
2739
2722
2703
2685
2668
2649
2632
2615
2596
2579
2564
2548
2533
2519
2507
2496
2485
2476
2468
2461
2455
2449
2444
2441
2437
2434
2431
2429
2426
2425
2422
2420
2417
2415
2412
2409
2406
2403
2400
2397
2395
2392
2389
2386
2384
2382
2381
2379
2379
2378
2378
2379
2379
2380
2383
2384
2386
2389
2391
2393
2396
2398
2400
2404
2406
2408
2411
2413
2414
2415
2416
2417
2417
2417
2417
2417
2417
2416
2416
2416
2415
2416
2416
2416
2418
2419
2421
2424
2427
2430
2435
2441
2445
2452
2459
2465
2473
2481
2489
2497
2507
2515
2524
2533
2541
2549
2558
2566
2573
2582
2590
2596
2605
2612
2619
2626
2632
2637
2643
2648
2651
2655
2659
2662
2665
2667
2670
2672
2674
2675
2676
2677
2677
2678
2678
2678
2678
2678
2678
2679
2680
2680
2682
2684
2685
2688
2692
2694
2698
2703
2707
2712
2719
2726
2732
2741
2749
2757
2767
2776
2785
2797
2807
2817
2829
2841
2850
2864
2876
2886
2900
2912
2923
2936
2948
2958
2969
2979
2989
2997
3004
3010
3016
3021
3025
3029
3032
3035
3038
3040
3042
3044
3045
3046
3048
3049
3050
3052
3055
3057
3060
3065
3069
3075
3083
3090
3098
3110
3120
3129
3142
3153
3163
3174
3184
3192
3201
3207
3212
3217
3220
3223
3226
3227
3229
3228
3227
3227
3223
3220
3217
3213
3209
3206
3203
3201
3198
3197
3196
3195
3195
3194
3193
3192
3190
3189
3187
3185
3183
3181
3178
3175
3173
3170
3167
3164
3162
3159
3157
3154
3151
3149
3147
3145
3143
3143
3142
3141
3143
3144
3145
3148
3151
3153
3156
3158
3161
3162
3163
3164
3164
3164
3163
3162
3159
3157
3152
3147
3142
3134
3125
3117
3107
3095
3085
3074
3061
3049
3038
3025
3014
3002
2990
2980
2969
2958
2948
2937
2927
2918
2909
2900
2891
2882
2873
2864
2855
2845
2835
2826
2814
2804
2794
2782
2771
2761
2748
2736
2725
2712
2700
2689
2676
2665
2655
2645
2635
2626
2618
2610
2602
2596
2591
2586
2582
2578
2575
2572
2569
2567
2564
2562
2560
2558
2556
2554
2551
2549
2546
2543
2539
2535
2531
2526
2520
2515
2509
2502
2497
2491
2485
2479
2474
2469
2464
2460
2455
2452
2449
2447
2445
2444
2443
2442
2443
2443
2444
2445
2447
2448
2450
2452
2453
2455
2457
2459
2461
2463
2465
2467
2470
2472
2475
2478
2481
2484
2488
2491
2494
2500
2504
2508
2514
2519
2524
2531
2538
2543
2552
2560
2567
2577
2585
2593
2604
2613
2621
2632
2642
2651
2662
2671
2680
2691
2702
2711
2722
2732
2741
2752
2762
2771
2781
2791
2799
2809
2819
2827
2837
2846
2854
2862
2871
2878
2885
2893
2899
2906
2913
2920
2926
2933
2939
2946
2954
2961
2968
2977
2985
2992
3003
3012
3019
3032
3043
3052
3067
3079
3090
3106
3119
3132
3147
3161
3174
3189
3203
3216
3230
3243
3255
3268
3280
3290
3301
3311
3319
3327
3335
3341
3347
3352
3356
3359
3360
3362
3362
3362
3361
3360
3359
3357
3355
3353
3351
3349
3347
3344
3342
3341
3339
3338
3338
3337
3337
3339
3340
3342
3345
3348
3351
3354
3357
3359
3361
3362
3362
3361
3360
3359
3355
3351
3348
3343
3337
3332
3326
3318
3312
3304
3295
3288
3280
3271
3263
3256
3248
3241
3234
3227
3221
3214
3207
3200
3193
3185
3177
3170
3161
3152
3145
3136
3127
3120
3110
3101
3093
3083
3073
3064
3053
3042
3033
3022
3012
3003
2992
2982
2974
2964
2955
2947
2938
2930
2923
2916
2910
2903
2898
2892
2887
2882
2877
2873
2868
2864
2859
2854
2849
2843
2838
2832
2826
2820
2813
2806
2800
2793
2787
2781
2774
2768
2763
2757
2751
2745
2740
2735
2730
2725
2721
2717
2713
2710
2707
2704
2700
2697
2694
2691
2688
2685
2683
2680
2678
2676
2674
2672
2671
2669
2668
2668
2667
2667
2668
2668
2669
2671
2673
2675
2679
2682
2685
2690
2694
2699
2705
2711
2715
2723
2729
2733
2741
2748
2754
2762
2768
2774
2782
2788
2794
2800
2807
2812
2818
2823
2828
2833
2838
2842
2846
2850
2853
2856
2859
2862
2864
2867
2869
2872
2875
2877
2879
2882
2884
2885
2887
2888
2888
2888
2888
2887
2886
2884
2882
2879
2876
2873
2869
2866
2862
2858
2853
2850
2845
2841
2837
2833
2829
2826
2822
2819
2815
2813
2810
2807
2804
2802
2800
2799
2797
2796
2794
2793
2792
