3611
4088
4088
4088
4087
2322
1551
868
1053
3095
2192
2615
2189
1004
1067
15
5
5
5
269
11
5
5
5
5
420
840
2008
2482
2015
1917
895
982
468
481
1192
946
1108
804
953
453
539
343
275
520
513
1331
1177
1428
1381
1254
1580
1281
1884
1788
1821
1902
1680
1598
1106
1256
961
1093
1352
1481
1627
1633
1393
1058
931
483
786
1173
1584
1830
1779
1327
832
617
411
622
1034
1422
1738
1574
1081
687
692
698
1340
1863
2174
2137
1896
1573
1468
1611
1860
2045
2014
1813
1526
1182
982
1051
1082
1319
1335
1046
835
657
890
1126
1458
1640
1596
1554
1215
1001
810
810
935
878
1162
953
894
923
615
910
994
1090
1335
1268
1324
1377
1300
1469
1548
1648
1658
1637
1522
1385
1234
1026
1026
1077
1257
1546
1623
1683
1552
1413
1315
1402
1623
1718
1853
1937
1911
1880
1832
1725
1642
1510
1370
1278
1107
983
818
690
651
687
825
1000
1185
1343
1428
1510
1568
1535
1543
1528
1555
1574
1624
1557
1427
1341
1161
1027
913
721
641
559
488
521
512
574
697
729
752
713
655
710
805
1071
1399
1718
2003
2179
2284
2330
2314
2291
2270
2247
2193
2117
2033
1877
1750
1596
1465
1320
1157
983
716
523
371
292
337
458
629
770
880
982
1083
1242
1348
1410
1462
1486
1533
1575
1591
1553
1504
1425
1318
1229
1159
1136
1098
1087
1082
1109
1179
1223
1314
1403
1505
1630
1686
1698
1679
1589
1482
1387
1290
1221
1113
1018
921
803
769
806
891
987
1098
1185
1240
1319
1360
1420
1521
1624
1684
1744
1751
1690
1605
1468
1333
1265
1230
1223
1222
1273
1278
1288
1292
1246
1219
1185
1169
1161
1195
1202
1219
1200
1185
1118
1060
1009
947
948
905
927
946
950
1003
1037
1111
1160
1205
1260
1288
1315
1327
1371
1434
1477
1550
1544
1547
1539
1483
1461
1459
1488
1542
1589
1601
1577
1515
1444
1346
1301
1286
1264
1286
1252
1203
1103
1033
952
897
893
908
991
1048
1094
1128
1122
1143
1137
1217
1306
1356
1460
1498
1512
1524
1496
1493
1465
1470
1445
1421
1372
1322
1306
1204
1259
1164
1255
1218
1305
1305
1361
1399
1420
1462
1482
1473
1467
1565
1439
1594
1513
1474
1413
1421
1447
1303
1370
1611
1215
1504
1390
1204
1437
1225
1317
1302
1145
1215
1175
1083
1257
1216
1236
1267
1215
1351
1242
1421
1474
1460
1600
1627
1697
1734
1696
1746
1604
1618
1523
1401
1458
1345
1264
1171
1089
1009
888
953
875
906
1046
1077
1205
1293
1245
1232
1195
1244
1238
1285
1345
1341
1328
1279
1214
1196
1146
1167
1168
1173
1197
1185
1234
1263
1311
1439
1478
1553
1580
1515
1502
1391
1358
1305
1242
1274
1243
1212
1207
1152
1127
1078
1118
1183
1216
1275
1288
1257
1287
1336
1342
1396
1416
1402
1391
1360
1366
1365
1309
1319
1318
1246
1307
1289
1278
1281
1275
1262
1230
1235
1177
1158
1116
1105
1113
1130
1193
1231
1251
1306
1235
1243
1226
1214
1250
1253
1348
1323
1400
1466
1508
1592
1574
1634
1585
1580
1589
1534
1596
1594
1608
1578
1530
1457
1358
1307
1255
1211
1177
1128
1089
1047
1037
1053
1085
1131
1199
1256
1282
1296
1303
1289
1281
1312
1322
1374
1404
1419
1411
1407
1399
1401
1464
1451
1531
1487
1454
1456
1413
1304
1368
1357
1315
1382
1316
1317
1284
1252
1259
1282
1295
1318
1373
1402
1416
1445
1461
1447
1488
1429
1415
1392
1365
1356
1327
1324
1265
1216
1170
1119
1103
1123
1135
1134
1141
1193
1192
1266
1321
1343
1358
1354
1391
1392
1452
1462
1466
1436
1454
1464
1482
1512
1489
1465
1392
1365
1342
1315
1341
1330
1343
1351
1331
1364
1360
1361
1393
1391
1382
1354
1346
1327
1291
1301
1250
1246
1214
1193
1174
1142
1161
1143
1191
1158
1135
1105
1092
1105
1145
1204
1213
1289
1241
1253
1283
1201
1292
1302
1351
1392
1402
1462
1445
1490
1455
1480
1513
1483
1516
1499
1522
1552
1508
1504
1452
1395
1385
1337
1321
1319
1287
1294
1275
1263
1241
1234
1256
1257
1284
1263
1252
1240
1197
1208
1211
1234
1254
1268
1293
1289
1292
1283
1256
1249
1253
1228
1277
1274
1252
1279
1247
1253
1253
1254
1249
1269
1276
1259
1290
1299
1307
1317
1341
1338
1326
1324
1319
1329
1310
1314
1308
1285
1276
1262
1266
1271
1256
1247
1229
1216
1241
1263
1270
1304
1303
1286
1276
1256
1269
1272
1263
1301
1295
1304
1296
1299
1278
1270
1292
1311
1313
1316
1317
1284
1288
1272
1276
1294
1288
1298
1315
1310
1301
1319
1322
1300
1291
1279
1256
1255
1246
1247
1289
1231
1243
1172
1194
1234
1156
1294
1292
1237
1296
1233
1251
1273
1269
1364
1331
1330
1370
1303
1318
1308
1303
1341
1312
1339
1330
1272
1297
1261
1302
1300
1306
1335
1282
1309
1264
1242
1280
1247
1308
1335
1322
1342
1331
1319
1303
1308
1341
1312
1341
1348
1329
1346
1351
1348
1335
1347
1335
1300
1300
1285
1260
1264
1252
1259
1252
1227
1244
1248
1249
1273
1295
1278
1273
1281
1292
1294
1306
1331
1345
1335
1327
1334
1313
1308
1316
1304
1304
1301
1307
1300
1294
1322
1307
1320
1316
1319
1309
1290
1300
1297
1294
1307
1296
1291
1290
1310
1302
1320
1315
1294
1271
1279
1268
1292
1293
1289
1277
1254
1243
1230
1235
1232
1251
1257
1255
1250
1268
1272
1275
1300
1292
1311
1307
1293
1309
1302
1293
1290
1300
1295
1321
1324
1331
1338
1315
1324
1298
1311
1328
1317
1335
1331
1331
1362
1350
1343
1360
1336
1305
1297
1268
1241
1249
1266
1269
1291
1292
1281
1260
1253
1247
1224
1233
1256
1289
1311
1347
1358
1341
1316
1306
1266
1251
1268
1258
1269
1264
1262
1246
1236
1230
1212
1202
1185
1211
1234
1259
1299
1323
1318
1316
1326
1319
1335
1368
1388
1397
1416
1402
1383
1379
1361
1345
1329
1299
1265
1235
1208
1198
1195
1202
1207
1208
1206
1207
1224
1236
1275
1289
1324
1344
1352
1383
1377
1375
1373
1374
1367
1371
1379
1371
1376
1353
1336
1307
1289
1282
1271
1271
1291
1288
1270
1273
1265
1256
1269
1253
1247
1261
1260
1274
1315
1318
1345
1328
1312
1318
1293
1334
1321
1332
1336
1303
1332
1290
1303
1311
1312
1328
1296
1310
1298
1298
1330
1347
1369
1368
1371
1372
1329
1332
1327
1315
1305
1291
1297
1261
1252
1251
1236
1255
1246
1251
1266
1241
1243
1252
1251
1258
1252
1258
1255
1257
1286
1295
1326
1351
1342
1357
1345
1357
1391
1388
1420
1417
1410
1409
1380
1387
1356
1346
1325
1294
1287
1277
1266
1266
1260
1235
1228
1206
1204
1201
1197
1219
1240
1253
1282
1279
1268
1271
1276
1291
1310
1329
1349
1355
1368
1378
1375
1382
1375
1382
1359
1347
1364
1343
1350
1347
1339
1356
1332
1339
1319
1294
1305
1308
1302
1319
1334
1326
1338
1338
1345
1339
1343
1336
1313
1286
1261
1253
1224
1236
1238
1229
1229
1220
1221
1211
1214
1239
1239
1270
1281
1312
1330
1336
1359
1350
1351
1358
1366
1359
1364
1357
1354
1340
1320
1354
1349
1331
1356
1392
1369
1397
1418
1405
1422
1410
1413
1384
1365
1359
1334
1342
1319
1323
1317
1269
1276
1241
1226
1235
1241
1254
1227
1221
1220
1217
1235
1273
1299
1319
1314
1313
1312
1309
1339
1365
1374
1401
1397
1398
1395
1397
1407
1374
1381
1339
1316
1323
1291
1302
1266
1258
1260
1238
1241
1244
1255
1255
1260
1270
1265
1265
1285
1288
1296
1300
1296
1300
1291
1296
1317
1318
1330
1331
1320
1325
1323
1355
1373
1385
1401
1383
1372
1323
1294
1266
1246
1255
1254
1272
1277
1265
1272
1261
1269
1276
1290
1319
1319
1341
1351
1344
1344
1343
1354
1355
1359
1354
1337
1320
1308
1294
1299
1312
1333
1338
1339
1345
1345
1362
1383
1401
1402
1408
1406
1379
1380
1369
1360
1338
1324
1298
1253
1246
1242
1242
1243
1262
1248
1254
1271
1271
1291
1290
1295
1286
1282
1283
1280
1280
1275
1270
1277
1287
1294
1303
1307
1298
1293
1271
1285
1292
1307
1347
1363
1366
1354
1339
1319
1305
1306
1319
1325
1348
1329
1341
1331
1322
1335
1307
1331
1320
1316
1338
1317
1328
1348
1284
1326
1305
1342
1276
1349
1225
1221
1258
1166
1295
1224
1251
1302
1237
1272
1305
1300
1299
1331
1359
1328
1372
1302
1295
1296
1247
1316
1276
1277
1283
1280
1296
1306
1352
1335
1347
1329
1331
1331
1313
1322
1309
1297
1298
1280
1278
1259
1249
1256
1262
1242
1256
1250
1261
1266
1263
1295
1258
1297
1293
1295
1317
1292
1301
1284
1271
1263
1265
1274
1291
1295
1324
1330
1323
1340
1338
1361
1354
1368
1363
1358
1358
1338
1324
1313
1310
1310
1306
1318
1305
1286
1284
1265
1263
1276
1288
1294
1287
1301
1285
1297
1290
1288
1300
1287
1289
1294
1261
1281
1267
1272
1294
1275
1297
1278
1308
1330
1341
1349
1346
1345
1354
1343
1340
1332
1311
1308
1277
1268
1276
1257
1271
1261
1281
1292
1312
1318
1333
1330
1324
1316
1299
1293
1283
1302
1291
1313
1308
1309
1331
1305
1299
1316
1300
1314
1303
1312
1329
1327
1341
1335
1343
1333
1327
1317
1312
1299
1292
1294
1267
1272
1272
1268
1284
1266
1282
1277
1273
1272
1264
1279
1260
1288
1285
1269
1302
1282
1284
1287
1286
1298
1295
1300
1293
1320
1322
1350
1361
1362
1378
1346
1339
1317
1313
1314
1319
1313
1313
1298
1282
1295
1280
1282
1300
1271
1290
1281
1291
1301
1304
1327
1327
1323
1336
1320
1299
1314
1279
1293
1279
1262
1260
1235
1252
1253
1236
1260
1248
1247
1254
1255
1285
1286
1314
1323
1305
1318
1313
1322
1340
1353
1367
1350
1361
1331
1313
1297
1273
1275
1281
1286
1289
1294
1289
1280
1265
1255
1251
1252
1265
1284
1293
1312
1317
1318
1320
1300
1312
1308
1313
1319
1317
1314
1309
1310
1309
1306
1320
1318
1299
1306
1284
1271
1279
1272
1284
1293
1292
1298
1297
1289
1286
1272
1274
1280
1289
1297
1291
1291
1287
1291
1303
1318
1324
1337
1333
1334
1327
1327
1323
1327
1335
1318
1321
1297
1280
1284
1267
1268
1262
1252
1243
1238
1229
1244
1255
1261
1274
1267
1274
1272
1270
1270
1267
1275
1272
1269
1275
1270
1273
1276
1283
1279
1276
1282
1287
1298
1307
1330
1349
1355
1357
1364
1352
1351
1352
1338
1341
1338
1338
1337
1315
1306
1296
1282
