1524
5
293
5
5
992
1753
3355
2063
3608
2593
1727
3249
2660
4088
3914
4086
4088
1589
3393
835
1372
1522
591
1762
21
34
5
5
5
5
1461
1146
1944
2459
1212
1384
792
255
514
1046
1331
1956
2062
1629
1481
867
404
5
5
5
6
362
516
965
668
959
1248
1563
2280
2233
2268
2116
1894
2174
2100
2069
1997
1383
1154
729
735
850
872
1206
782
610
257
5
40
16
677
968
1579
2113
2047
2622
2411
2433
2345
2006
2126
2139
2354
2418
2309
2000
1583
1489
1196
1123
1079
917
851
562
330
79
8
8
5
5
5
276
818
1094
1354
1300
1144
1057
1090
1355
1651
2089
2320
2443
2326
2247
2039
1872
1926
1909
2041
2000
2042
1948
1749
1690
1394
1133
991
807
783
838
874
867
912
983
995
1126
1106
1019
835
613
425
220
212
277
329
413
340
425
547
826
1141
1483
1795
1971
2069
2036
2048
2098
2180
2368
2417
2347
2217
1878
1623
1330
1098
1050
1088
1219
1276
1356
1367
1369
1398
1416
1444
1437
1370
1213
1038
875
749
689
702
751
775
836
897
941
1030
1080
1159
1243
1207
1257
1172
1050
957
828
746
711
727
759
814
873
947
1047
1143
1282
1423
1582
1722
1896
2082
2237
2363
2389
2331
2215
2030
1852
1700
1621
1624
1612
1632
1604
1521
1419
1229
1067
916
840
740
643
558
402
310
231
214
272
314
464
541
634
737
790
896
971
1074
1177
1268
1367
1410
1454
1448
1407
1358
1312
1296
1241
1197
1149
1148
1222
1339
1508
1668
1813
1886
1921
1934
1954
1986
2027
2040
2034
1975
1872
1729
1570
1398
1233
1094
985
881
792
695
609
572
557
606
699
828
995
1153
1330
1450
1543
1595
1600
1611
1593
1579
1548
1498
1437
1344
1234
1127
1085
1071
1120
1226
1352
1510
1642
1758
1852
1925
1961
1978
2002
1985
1984
1933
1858
1790
1680
1592
1478
1357
1242
1104
976
850
741
657
589
557
559
590
636
689
729
762
793
830
891
937
1005
1041
1068
1071
1042
1075
1088
1149
1238
1291
1414
1503
1612
1732
1810
1921
1982
2048
2086
2109
2145
2148
2162
2177
2129
2094
2070
1964
1880
1698
1754
1641
1450
1627
1454
1363
1335
1280
1244
1187
1215
1171
1103
966
948
870
740
771
709
753
695
778
825
715
770
871
868
910
1104
1159
1173
1321
1278
1341
1266
1310
1350
1285
1324
1333
1303
1358
1306
1372
1409
1434
1558
1608
1684
1742
1807
1793
1756
1754
1618
1557
1434
1313
1227
1107
1030
932
846
726
651
559
555
546
620
749
767
935
1046
1113
1240
1327
1391
1440
1507
1552
1576
1609
1587
1608
1528
1483
1479
1411
1461
1487
1532
1558
1575
1616
1594
1654
1668
1735
1782
1775
1841
1741
1678
1625
1560
1507
1454
1448
1332
1305
1246
1162
1127
1018
988
958
927
968
977
995
989
933
915
880
921
1008
1121
1190
1215
1271
1213
1223
1283
1330
1457
1508
1569
1580
1624
1599
1645
1660
1645
1679
1626
1574
1572
1519
1504
1515
1525
1461
1429
1421
1396
1386
1386
1378
1298
1307
1282
1254
1253
1272
1290
1304
1311
1322
1341
1299
1300
1298
1270
1314
1292
1290
1270
1234
1264
1240
1311
1312
1287
1353
1270
1308
1312
1311
1359
1359
1437
1340
1362
1349
1298
1353
1323
1362
1368
1326
1376
1336
1372
1385
1418
1443
1431
1513
1493
1477
1418
1361
1310
1298
1304
1263
1201
1203
1223
1136
1123
1108
1087
1134
1125
1153
1181
1212
1248
1337
1321
1379
1406
1396
1484
1451
1446
1421
1426
1425
1348
1366
1304
1258
1291
1256
1237
1257
1248
1228
1221
1220
1230
1243
1298
1302
1319
1319
1296
1316
1289
1299
1320
1305
1351
1341
1322
1315
1241
1231
1232
1208
1291
1302
1324
1397
1338
1385
1420
1418
1484
1480
1481
1529
1530
1515
1540
1496
1452
1449
1452
1476
1464
1513
1506
1443
1474
1450
1431
1458
1434
1377
1356
1339
1322
1308
1294
1262
1170
1120
1099
1054
1068
1072
1081
1100
1098
1120
1151
1176
1203
1238
1300
1338
1383
1443
1443
1462
1440
1436
1409
1380
1384
1352
1395
1384
1404
1406
1349
1364
1315
1319
1307
1346
1375
1358
1414
1387
1392
1410
1405
1434
1421
1414
1396
1379
1359
1334
1325
1285
1260
1242
1237
1239
1223
1220
1187
1162
1162
1153
1176
1208
1208
1215
1216
1207
1206
1244
1281
1297
1314
1320
1318
1305
1294
1324
1324
1353
1401
1407
1402
1406
1367
1335
1320
1303
1350
1360
1390
1418
1380
1367
1329
1297
1288
1281
1311
1307
1266
1266
1195
1214
1236
1236
1303
1294
1281
1254
1220
1231
1225
1286
1308
1305
1298
1298
1289
1279
1293
1295
1312
1297
1307
1320
1303
1322
1311
1300
1301
1264
1288
1267
1247
1248
1208
1221
1218
1231
1264
1244
1259
1250
1274
1274
1269
1303
1263
1270
1266
1252
1266
1239
1254
1215
1210
1197
1172
1205
1188
1198
1222
1210
1220
1234
1246
1270
1293
1318
1324
1331
1356
1357
1376
1429
1442
1474
1490
1473
1457
1463
1443
1438
1428
1415
1404
1383
1401
1363
1358
1362
1325
1319
1285
1285
1283
1261
1263
1251
1234
1224
1213
1207
1220
1220
1219
1230
1201
1206
1180
1190
1206
1217
1267
1273
1282
1294
1298
1312
1320
1336
1329
1348
1340
1330
1354
1331
1335
1334
1321
1322
1313
1334
1354
1361
1369
1382
1385
1386
1414
1410
1431
1443
1428
1467
1414
1420
1398
1361
1385
1334
1341
1318
1296
1298
1250
1288
1244
1275
1274
1242
1302
1239
1263
1280
1247
1318
1298
1288
1302
1258
1248
1234
1239
1232
1226
1277
1252
1276
1288
1286
1304
1310
1359
1353
1356
1369
1353
1362
1342
1361
1359
1345
1359
1327
1318
1308
1302
1290
1299
1308
1263
1292
1271
1244
1256
1206
1244
1211
1225
1264
1238
1247
1243
1252
1268
1238
1292
1279
1299
1322
1331
1362
1338
1354
1339
1326
1322
1301
1345
1331
1375
1397
1382
1400
1391
1380
1374
1355
1345
1347
1327
1337
1305
1284
1282
1237
1235
1211
1202
1184
1186
1205
1185
1207
1179
1183
1180
1172
1197
1177
1210
1189
1182
1220
1195
1231
1230
1236
1230
1204
1242
1228
1251
1280
1307
1318
1305
1331
1298
1326
1343
1360
1414
1396
1418
1396
1370
1396
1380
1405
1432
1421
1425
1397
1387
1362
1338
1344
1315
1334
1324
1307
1331
1306
1326
1304
1295
1296
1275
1288
1265
1275
1278
1272
1284
1278
1305
1284
1285
1313
1294
1330
1323
1327
1339
1323
1355
1345
1368
1384
1368
1381
1377
1355
1383
1384
1380
1391
1373
1369
1348
1313
1309
1308
1279
1294
1277
1270
1280
1258
1268
1288
1313
1342
1368
1395
1389
1402
1388
1392
1394
1365
1372
1330
1315
1319
1278
1299
1272
1265
1271
1255
1281
1268
1288
1301
1281
1293
1294
1305
1324
1352
1379
1381
1403
1384
1390
1384
1368
1389
1363
1369
1376
1337
1357
1325
1296
1285
1261
1268
1258
1278
1266
1265
1262
1264
1300
1302
1354
1359
1362
1371
1366
1381
1386
1408
1416
1405
1419
1384
1377
1369
1353
1354
1340
1327
1310
1290
1283
1265
1276
1291
1286
1315
1317
1322
1315
1325
1322
1331
1325
1326
1343
1335
1355
1354
1361
1362
1339
1337
1301
1295
1307
1306
1323
1325
1316
1311
1290
1287
1299
1307
1342
1356
1388
1399
1385
1394
1356
1341
1323
1301
1292
1255
1252
1245
1223
1239
1221
1220
1218
1210
1210
1207
1225
1237
1263
1275
1273
1295
1277
1282
1304
1306
1326
1323
1333
1340
1330
1362
1355
1364
1367
1351
1366
1343
1329
1322
1305
1317
1315
1323
1329
1311
1321
1316
1311
1324
1316
1331
1331
1327
1321
1303
1311
1293
1294
1296
1293
1311
1304
1306
1300
1278
1282
1264
1273
1277
1281
1289
1266
1270
1258
1238
1251
1255
1272
1304
1312
1329
1333
1323
1345
1344
1353
1373
1382
1399
1400
1401
1388
1365
1353
1339
1363
1371
1390
1413
1398
1381
1338
1319
1311
1313
1344
1341
1351
1339
1311
1293
1254
1256
1252
1255
1283
1309
1318
1342
1352
1352
1347
1332
1325
1334
1332
1341
1360
1356
1364
1349
1330
1331
1291
1276
1280
1258
1279
1300
1312
1327
1330
1328
1324
1327
1342
1360
1373
1375
1376
1386
1364
1364
1374
1355
1360
1336
1329
1326
1305
1302
1286
1270
1279
1272
1286
1293
1282
1274
1260
1262
1279
1306
1257
1296
1334
1280
1361
1278
1306
1317
1230
1344
1236
1288
1322
1237
1339
1260
1293
1325
1274
1388
1314
1365
1348
1291
1364
1310
1315
1326
1279
1288
1256
1233
1233
1185
1200
1193
1189
1230
1204
1234
1225
1230
1262
1242
1303
1311
1337
1375
1374
1396
1394
1393
1390
1386
1399
1406
1400
1414
1387
1376
1364
1328
1343
1305
1301
1293
1269
1274
1231
1240
1237
1239
1260
1266
1284
1282
1299
1299
1309
1313
1307
1318
1302
1301
1302
1301
1291
1282
1267
1248
1246
1247
1260
1279
1273
1288
1294
1288
1301
1293
1307
1321
1311
1349
1346
1342
1365
1332
1334
1304
1311
1305
1295
1328
1288
1329
1309
1289
1335
1283
1329
1310
1325
1330
1291
1342
1298
1319
1345
1329
1394
1370
1410
1383
1367
1389
1312
1366
1326
1334
1351
1285
1296
1259
1229
1258
1225
1247
1268
1273
1297
1290
1307
1301
1289
1325
1306
1351
1348
1347
1395
1334
1351
1312
1275
1270
1258
1288
1291
1303
1297
1289
1273
1243
1261
1267
1286
1311
1307
1335
1316
1336
1343
1333
1353
1331
1343
1334
1310
1344
1306
1327
1317
1310
1343
1312
1354
1344
1347
1349
1335
1361
1346
1344
1356
1338
1341
1344
1329
1341
1318
1320
1297
1284
1288
1262
1267
1260
1260
1264
1267
1292
1297
1314
1305
1295
1287
1274
1295
1281
1284
1294
1283
1289
1287
1291
1273
1273
1264
1257
1274
1263
1299
1303
1298
1305
1292
1309
1302
1293
1295
1291
1293
1305
1306
1299
1294
1293
1286
1294
1309
1333
1348
1351
1350
1334
1324
1321
1323
1329
1325
1309
1301
1286
1269
1277
1276
1292
1300
1300
1306
1300
1281
1282
1283
1292
1307
1316
1320
1324
1328
1320
1312
1317
1283
1293
1282
1294
1306
1294
1314
1292
1295
1294
1273
1300
1299
1315
1319
1305
1330
1324
1346
1356
1357
1369
1363
1370
1355
1343
1323
1320
1299
1282
1284
1267
1261
1250
1257
1263
1273
1291
1299
1317
1322
1309
1316
1313
1324
1352
1376
1386
1395
1386
1357
1343
1342
1338
1339
1345
1344
1323
1323
1300
