571
6
5
5
241
715
2032
2836
2658
4083
2551
3185
4088
1881
4088
1908
2399
4088
514
4086
790
2310
2365
6
1311
5
6
6
5
791
1011
1764
1002
1497
950
624
1537
1219
1071
1512
1119
1179
1093
1506
811
1295
957
1066
452
5
306
5
471
9
349
363
5
876
655
1773
1979
1988
1754
1273
1667
1852
2510
2952
3256
3143
2632
2258
1997
1796
2182
2391
2398
2053
1311
861
185
194
298
162
346
10
5
5
5
5
284
1168
1874
2391
2661
3042
3286
3379
3655
3643
3562
3403
2850
2217
1492
870
301
9
5
5
5
4
4
4
4
5
5
5
516
1039
1523
1730
2086
2065
2160
2299
2185
2666
2298
2287
2131
1558
1522
1022
1082
1053
978
1056
827
972
866
1136
1345
1530
1765
1655
1632
1285
1127
1030
1064
1264
1469
1675
1616
1521
1236
918
758
597
582
682
800
856
918
1086
1191
1377
1523
1601
1707
1777
1898
1965
2061
2022
1918
1778
1603
1475
1342
1200
1091
968
864
774
735
778
957
1128
1239
1385
1440
1429
1399
1332
1267
1259
1267
1283
1300
1273
1292
1309
1305
1343
1308
1330
1300
1288
1307
1266
1264
1200
1189
1216
1247
1360
1385
1474
1506
1560
1623
1654
1747
1746
1767
1695
1571
1432
1245
1111
1043
1050
1046
1078
1046
945
796
684
653
711
880
1048
1178
1265
1305
1330
1381
1451
1508
1567
1559
1495
1360
1232
1100
1000
942
880
867
891
966
1026
1116
1199
1224
1246
1229
1277
1307
1386
1515
1613
1726
1755
1747
1650
1541
1486
1407
1390
1382
1365
1314
1252
1230
1215
1234
1291
1343
1394
1427
1430
1409
1422
1431
1510
1619
1678
1741
1759
1725
1735
1690
1667
1639
1583
1544
1467
1442
1377
1342
1341
1267
1213
1108
1021
951
893
902
876
903
922
930
929
889
864
837
822
828
855
918
1002
1106
1231
1348
1453
1514
1563
1584
1594
1636
1688
1762
1794
1816
1794
1732
1688
1602
1558
1483
1439
1345
1277
1210
1145
1134
1078
1128
1131
1180
1229
1272
1313
1312
1314
1311
1307
1325
1345
1342
1322
1282
1225
1192
1148
1139
1123
1146
1165
1191
1237
1252
1285
1281
1308
1327
1484
1399
1558
1546
1446
1431
1207
1397
1240
1127
1375
1158
1138
1154
1056
1034
916
1026
1027
1122
1102
1223
1357
1194
1303
1440
1360
1459
1499
1553
1670
1539
1640
1574
1499
1498
1440
1485
1373
1456
1459
1474
1442
1383
1374
1300
1254
1291
1300
1294
1298
1281
1225
1190
1077
1117
1091
1044
1093
1104
1129
1119
1084
1119
1106
1130
1170
1301
1325
1392
1477
1477
1506
1505
1566
1584
1547
1627
1631
1621
1574
1605
1548
1487
1495
1454
1478
1433
1441
1426
1384
1387
1314
1319
1282
1237
1285
1348
1370
1423
1438
1396
1349
1334
1329
1373
1446
1481
1500
1419
1348
1242
1175
1203
1158
1207
1196
1110
1116
1053
1081
1035
1078
1100
1107
1163
1226
1279
1309
1342
1360
1372
1346
1403
1415
1440
1497
1489
1507
1468
1455
1493
1417
1408
1386
1335
1324
1300
1313
1301
1296
1323
1316
1325
1314
1303
1291
1265
1264
1282
1292
1310
1346
1358
1367
1361
1361
1338
1331
1333
1306
1289
1242
1230
1215
1218
1244
1259
1284
1284
1290
1295
1332
1318
1348
1386
1325
1420
1387
1404
1433
1393
1377
1368
1338
1327
1294
1305
1269
1273
1309
1322
1373
1344
1345
1312
1299
1297
1281
1307
1291
1278
1289
1255
1265
1271
1255
1278
1265
1235
1266
1227
1234
1241
1234
1246
1207
1192
1179
1153
1176
1178
1202
1226
1262
1269
1290
1316
1323
1370
1370
1412
1463
1526
1574
1582
1603
1597
1610
1605
1617
1605
1613
1621
1593
1592
1557
1517
1497
1436
1419
1377
1373
1384
1346
1332
1258
1214
1161
1104
1131
1085
1085
1087
1049
1091
1063
1080
1101
1125
1156
1170
1253
1278
1270
1316
1270
1286
1295
1317
1359
1348
1368
1373
1404
1418
1416
1466
1469
1479
1534
1514
1529
1529
1498
1485
1454
1442
1441
1406
1407
1342
1295
1257
1197
1197
1173
1190
1195
1186
1206
1176
1188
1210
1217
1239
1248
1284
1284
1298
1349
1351
1377
1408
1419
1417
1394
1421
1420
1402
1429
1398
1365
1358
1328
1359
1343
1375
1380
1368
1375
1331
1336
1315
1327
1345
1361
1413
1381
1405
1396
1385
1370
1341
1336
1302
1301
1288
1257
1237
1212
1221
1210
1218
1206
1198
1178
1189
1195
1195
1196
1205
1234
1225
1257
1281
1302
1351
1361
1363
1391
1402
1401
1395
1381
1382
1393
1430
1441
1452
1439
1413
1377
1362
1336
1321
1326
1304
1301
1276
1283
1289
1310
1305
1321
1304
1288
1285
1271
1320
1302
1279
1337
1294
1295
1297
1257
1302
1264
1254
1305
1260
1246
1261
1258
1225
1254
1244
1277
1254
1226
1290
1240
1245
1302
1297
1328
1366
1369
1366
1368
1371
1372
1375
1376
1379
1386
1379
1380
1350
1356
1339
1312
1289
1260
1235
1228
1227
1237
1230
1239
1236
1246
1251
1246
1271
1275
1301
1271
1279
1288
1238
1269
1238
1261
1234
1236
1263
1217
1247
1265
1267
1292
1284
1303
1305
1310
1324
1342
1340
1382
1373
1370
1379
1357
1351
1342
1349
1348
1368
1362
1345
1351
1309
1334
1346
1324
1375
1370
1367
1372
1366
1349
1306
1294
1277
1264
1274
1278
1279
1277
1256
1245
1219
1203
1218
1241
1256
1269
1281
1274
1275
1306
1292
1309
1346
1333
1352
1358
1338
1344
1343
1333
1329
1337
1327
1335
1325
1291
1292
1279
1289
1293
1296
1309
1309
1316
1332
1345
1383
1406
1415
1408
1402
1403
1394
1419
1416
1401
1407
1376
1370
1359
1340
1358
1326
1322
1310
1281
1275
1272
1281
1277
1300
1281
1263
1272
1251
1279
1299
1308
1314
1310
1302
1293
1296
1292
1305
1295
1293
1289
1282
1280
1269
1273
1261
1254
1247
1256
1247
1252
1282
1279
1303
1327
1318
1322
1330
1308
1301
1323
1325
1336
1320
1342
1328
1330
1340
1348
1345
1351
1358
1354
1382
1380
1388
1379
1370
1372
1369
1379
1358
1354
1336
1299
1307
1287
1293
1297
1295
1305
1282
1266
1234
1261
1258
1285
1332
1331
1347
1326
1314
1324
1301
1335
1316
1321
1323
1300
1319
1299
1312
1289
1266
1265
1237
1268
1253
1253
1268
1251
1255
1260
1279
1304
1309
1315
1309
1284
1280
1279
1287
1299
1307
1334
1317
1300
1275
1236
1240
1233
1271
1307
1330
1342
1334
1318
1294
1296
1309
1334
1352
1351
1371
1353
1334
1336
1346
1363
1368
1387
1389
1395
1405
1405
1410
1389
1399
1368
1360
1350
1351
1355
1333
1358
1334
1335
1318
1298
1322
1288
1294
1289
1287
1285
1271
1273
1256
1251
1240
1233
1223
1221
1228
1220
1234
1229
1230
1235
1244
1264
1247
1262
1264
1266
1289
1302
1337
1340
1365
1361
1369
1383
1386
1400
1396
1390
1407
1398
1384
1373
1364
1360
1352
1349
1367
1375
1388
1399
1385
1368
1356
1357
1340
1340
1345
1345
1329
1323
1309
1297
1275
1247
1239
1210
1202
1209
1211
1239
1240
1245
1240
1241
1255
1271
1296
1317
1337
1357
1350
1352
1348
1346
1335
1365
1364
1357
1337
1321
1343
1325
1334
1375
1365
1357
1350
1312
1300
1296
1317
1350
1359
1354
1335
1304
1279
1269
1289
1303
1325
1346
1345
1337
1330
1342
1331
1346
1373
1365
1373
1359
1372
1353
1350
1360
1328
1343
1341
1349
1347
1327
1331
1294
1307
1307
1314
1337
1324
1338
1316
1311
1308
1325
1335
1335
1316
1286
1267
1235
1234
1226
1244
1248
1255
1257
1242
1259
1265
1272
1275
1283
1277
1268
1283
1278
1293
1320
1335
1368
1373
1396
1379
1354
1352
1332
1327
1326
1326
1327
1318
1307
1279
1264
1252
1252
1269
1276
1300
1322
1331
1363
1374
1378
1381
1360
1355
1337
1355
1365
1373
1390
1365
1358
1335
1321
1323
1315
1335
1307
1301
1285
1279
1299
1279
1298
1271
1258
1265
1242
1270
1252
1266
1261
1245
1245
1243
1268
1277
1289
1287
1279
1276
1287
1289
1305
1309
1322
1318
1320
1316
1301
1327
1320
1340
1348
1343
1358
1347
1360
1364
1378
1386
1395
1384
1386
1371
1359
1374
1368
1372
1359
1355
1333
1318
1334
1325
1331
1344
1324
1320
1294
1280
1294
1258
1291
1289
1292
1320
1293
1310
1303
1302
1330
1338
1362
1342
1350
1341
1334
1358
1342
1358
1362
1330
1328
1320
1296
1325
1325
1311
1331
1310
1307
1304
1292
1303
1293
1331
1322
1336
1368
1327
1352
1324
1311
1318
1311
1323
1343
1352
1373
1370
1372
1364
1362
1359
1357
1363
1351
1365
1369
1337
1353
1348
1337
1331
1334
1331
1314
1315
1299
1296
1297
1292
1318
1308
1345
1342
1333
1341
1303
1317
1312
1318
1330
1335
1339
1323
1296
1289
1279
1275
1284
1286
1290
1292
1285
1283
1257
1239
1236
1218
1226
1262
1278
1297
1302
1295
1313
1310
1324
1340
1349
1359
1354
1352
1334
1318
1327
1309
1311
1323
1315
1323
1332
1329
1332
1324
1322
1328
1335
1350
1378
1384
1370
1358
1333
1313
1309
1314
1322
1323
1318
1309
1296
1290
1282
1296
1291
1310
1325
1321
1325
1310
1304
1298
1288
1303
1294
1292
1275
1268
1249
1247
1256
1255
1279
1273
1293
1297
1306
1321
1313
1327
1322
1330
1348
1344
1356
1349
1335
1316
1298
1302
1301
1307
1307
1312
1309
1295
1297
1301
1293
1307
1315
1321
1324
1326
1331
1323
1333
1349
1337
1338
1334
1338
1330
1342
1341
1333
1336
1327
1317
1319
1328
1341
1340
1323
1315
1290
1295
1299
1313
1332
1321
1328
1311
1305
1306
1291
1315
1299
1324
1316
1309
1333
1286
1296
1279
1249
1268
1256
1279
1284
1289
1298
1288
1307
1289
1292
1305
1310
1317
1323
1336
1328
1336
1342
1331
1338
1337
1342
1338
1347
1339
1346
1354
1352
1372
1366
1365
1367
1359
1346
1351
1339
1351
1341
1336
1337
1328
1329
1321
1313
1307
1284
1291
1288
1294
1312
1320
1329
1318
1305
1303
1270
1289
1276
1282
1288
1277
1283
1276
1303
1294
1294
1303
1277
1286
1276
1290
1310
1309
1331
1321
1306
1317
1308
1319
1315
1327
1323
1339
1353
1350
1362
1350
1351
1338
1338
1338
1325
1341
1312
1313
1304
1288
1297
1289
1304
1293
1292
1306
1309
1336
1350
1361
1369
1348
1352
1334
1337
1351
1342
1348
1333
1325
1308
1302
1296
1281
1282
1267
1269
1274
1278
1289
1297
1302
1308
1310
1308
1306
1315
1316
1309
1311
1306
1309
1297
1291
1286
1286
1302
1301
1311
1310
1304
1311
1311
1318
