2801
2801
2801
2801
2801
2801
2801
2801
2801
2802
2802
2802
2803
2804
2804
2804
2804
2805
2805
2805
2805
2806
2806
2807
2807
2807
2806
2806
2806
2805
2805
2804
2804
2803
2803
2803
2803
2803
2802
2802
2801
2801
2801
2800
2799
2799
2799
2798
2798
2798
2798
2798
2799
2799
2799
2799
2800
2800
2799
2799
2799
2799
2799
2799
2799
2799
2799
2799
2799
2799
2799
2800
2800
2800
2800
2800
2799
2799
2799
2798
2798
2797
2797
2796
2796
2796
2796
2796
2796
2796
2797
2797
2797
2797
2797
2797
2797
2798
2798
2798
2798
2798
2797
2797
2797
2797
2796
2796
2796
2796
2796
2797
2797
2797
2797
2797
2798
2798
2798
2798
2797
2797
2797
2797
2796
2796
2795
2795
2795
2795
2794
2794
2794
2794
2794
2793
2792
2792
2791
2790
2789
2788
2788
2788
2787
2787
2786
2786
2786
2786
2785
2785
2785
2785
2785
2785
2785
2784
2785
2785
2785
2785
2785
2785
2785
2785
2785
2785
2785
2786
2786
2786
2787
2787
2788
2788
2789
2789
2789
2789
2790
2790
2790
2790
2791
2792
2792
2792
2793
2794
2794
2795
2795
2796
2797
2797
2797
2798
2800
2799
2802
2801
2802
2803
2805
2805
2805
2806
2806
2806
2809
2810
2812
2817
2823
2827
2836
2844
2852
2861
2869
2875
2880
2882
2886
2887
2882
2877
2875
2861
2849
2839
2821
2803
2788
2767
2743
2722
2698
2667
2640
2614
2574
2541
2509
2470
2435
2403
2371
2340
2314
2290
2269
2252
2236
2227
2218
2211
2210
2209
2208
2209
2213
2214
2215
2216
2215
2213
2206
2200
2195
2186
2178
2171
2163
2156
2149
2142
2135
2128
2122
2115
2110
2104
2102
2100
2096
2101
2107
2111
2123
2139
2153
2169
2195
2218
2238
2275
2306
2334
2372
2409
2442
2481
2521
2557
2594
2634
2670
2704
2738
2768
2794
2814
2833
2849
2858
2863
2868
2868
2863
2860
2855
2848
2841
2836
2830
2825
2820
2815
2811
2807
2805
2801
2799
2797
2799
2801
2803
2814
2824
2832
2847
2862
2876
2888
2899
2910
2917
2920
2923
2924
2916
2908
2902
2885
2869
2852
2831
2807
2785
2761
2733
2706
2682
2656
2631
2611
2590
2573
2557
2547
2539
2532
2530
2533
2536
2540
2553
2565
2575
2595
2614
2630
2652
2673
2693
2712
2733
2751
2768
2784
2799
2812
2824
2835
2844
2852
2859
2865
2871
2876
2880
2885
2892
2899
2905
2920
2933
2945
2971
2996
3019
3053
3091
3125
3164
3212
3254
3294
3348
3394
3434
3485
3530
2795
2795
2795
2795
2796
2796
2797
2797
2797
2797
2798
2798
2798
2798
2798
2797
2797
2797
2797
2797
2797
2796
2796
2796
2796
2796
2795
2795
2795
2795
2794
2794
2794
2794
2793
2793
2793
2793
2793
2793
2793
2793
2793
2793
2793
2793
2793
2793
2794
2794
2794
2794
2794
2795
2794
2794
2793
2793
2792
2792
2791
2791
2791
2790
2790
2790
2789
2790
2789
2789
2789
2789
2789
2788
2788
2788
2787
2787
2787
2787
2787
2787
2787
2787
2787
2787
2787
2787
2788
2787
2788
2788
2787
2788
2788
2788
2788
2788
2788
2787
2787
2787
2787
2787
2787
2787
2787
2788
2788
2788
2788
2789
2789
2789
2790
2789
2790
2791
2791
2792
2792
2793
2794
2794
2795
2795
2795
2796
2796
2796
2796
2796
2796
2796
2796
2795
2795
2795
2795
2794
2794
2793
2793
2793
2793
2793
2793
2793
2794
2794
2794
2794
2794
2794
2794
2794
2794
2794
2794
2794
2794
2794
2793
2793
2793
2793
2792
2792
2792
2792
2792
2792
2792
2792
2792
2792
2792
2792
2793
2793
2794
2795
2796
2796
2797
2798
2798
2798
2798
2798
2799
2799
2799
2799
2799
2799
2800
2800
2801
2801
2801
2801
2801
2801
2800
2800
2800
2800
2799
2799
2799
2799
2798
2799
2799
2799
2799
2800
2800
2800
2800
2800
2800
2800
2800
2799
2799
2800
2800
2800
2800
2800
2800
2801
2801
2801
2801
2801
2801
2800
2800
2799
2799
2798
2798
2797
2796
2796
2795
2795
2794
2793
2793
2793
2792
2792
2791
2790
2790
2790
2789
2789
2789
2789
2788
2788
2788
2788
2788
2788
2787
2787
2788
2788
2788
2787
2787
2787
2787
2787
2787
2787
2787
2787
2787
2787
2787
2787
2787
2787
2787
2787
2787
2787
2787
2787
2787
2788
2788
2788
2788
2789
2789
2789
2789
2789
2789
2789
2789
2789
2789
2789
2789
2790
2790
2790
2790
2791
2791
2792
2792
2792
2792
2792
2793
2793
2793
2793
2794
2794
2794
2794
2794
2795
2795
2796
2796
2797
2796
2797
2796
2796
2796
2796
2796
2795
2795
2795
2794
2794
2794
2794
2794
2795
2795
2796
2796
2797
2798
2798
2799
2799
2800
2800
2800
2801
2801
2801
2801
2802
2802
2801
2801
2801
2801
