3570
3609
3645
3677
3703
3724
3742
3755
3757
3758
3760
3743
3729
3716
3691
3665
3642
3615
3584
3556
3529
3497
3469
3443
3416
3392
3371
3355
3342
3331
3326
3327
3327
3332
3341
3349
3357
3370
3381
3391
3402
3412
3420
3426
3431
3436
3436
3431
3426
3420
3404
3390
3378
3353
3331
3312
3286
3259
3235
3209
3180
3155
3130
3104
3081
3060
3040
3022
3007
2994
2984
2974
2968
2963
2959
2955
2953
2951
2948
2945
2942
2939
2932
2925
2918
2908
2894
2883
2867
2846
2829
2810
2782
2758
2736
2706
2677
2651
2621
2591
2564
2538
2514
2492
2473
2462
2451
2442
2443
2445
2446
2454
2464
2472
2483
2495
2506
2517
2528
2537
2545
2553
2560
2565
2567
2567
2568
2563
2555
2548
2538
2522
2508
2494
2475
2458
2443
2427
2413
2400
2390
2382
2375
2371
2371
2372
2373
2383
2392
2399
2417
2433
2448
2467
2487
2504
2523
2543
2561
2577
2595
2610
2624
2635
2646
2655
2661
2665
2670
2671
2671
2670
2668
2664
2660
2657
2653
2649
2645
2642
2641
2639
2640
2643
2645
2650
2658
2665
2672
2686
2698
2709
2724
2739
2753
2767
2782
2795
2807
2819
2829
2839
2846
2853
2859
2862
2864
2866
2863
2860
2857
2852
2844
2837
2831
2823
2816
2809
2802
2797
2791
2787
2783
2780
2778
2777
2777
2777
2779
2781
2783
2786
2789
2792
2795
2797
2799
2801
2801
2801
2800
2799
2797
2795
2791
2787
2783
2777
2772
2767
2761
2755
2750
2746
2741
2738
2735
2734
2733
2732
2735
2737
2739
2744
2750
2756
2763
2771
2779
2786
2795
2803
2810
2818
2825
2830
2835
2839
2842
2845
2846
2848
2848
2848
2848
2848
2847
2846
2846
2847
2847
2848
2851
2855
2859
2865
2874
2883
2892
2908
2921
2934
2955
2974
2991
3013
3035
3054
3076
3099
3119
3137
3158
3176
3192
3208
3222
3234
3243
3251
3258
3262
3264
3266
3266
3264
3262
3260
3256
3252
3249
3244
3240
3236
3232
3228
3225
3222
3220
3217
3215
3214
3213
3212
3210
3208
3206
3203
3199
3195
3189
3180
3172
3163
3149
3137
3125
3106
3090
3075
3054
3034
3016
2995
2973
2953
2932
2909
2888
2869
2847
2828
2810
2792
2776
2762
2749
2739
2730
2722
2717
2712
2708
2708
2708
2708
2710
2713
2716
2719
2723
2727
2731
2735
2739
2742
2745
2748
2751
2753
2754
2756
2758
2759
2761
2762
2764
2766
2767
2770
2773
2775
2780
2784
2788
2795
2803
2810
2819
2830
2840
2850
2865
2878
2889
2906
2920
2933
2949
2963
2976
2989
3002
3013
3024
3035
3045
3053
3063
3071
3079
3087
3094
3100
3107
3113
3119
3125
3132
3137
3143
3150
3156
3162
3169
3176
3183
3190
3197
3204
3210
3217
3222
3227
3231
3235
3238
3239
3239
3240
3236
3232
3229
3222
3213
3205
3196
3182
3170
3159
3142
3127
3113
3095
3077
3061
3043
3025
3008
2991
2973
2956
2941
2923
2907
2893
2877
2863
2850
2836
2822
2809
2796
2782
2769
2756
2741
2727
2714
2697
2680
2666
2648
2630
2614
2596
2576
2558
2541
2520
2502
2486
2467
2450
2435
2420
2406
2394
2382
2372
2364
2356
2351
2346
2342
2341
2340
2339
2341
2343
2345
2349
2353
2357
2362
2367
2372
2376
2381
2386
2389
2394
2398
2402
2406
2410
2414
2418
2422
2426
2429
2435
2439
2442
2448
2453
2458
2464
2470
2475
2482
2489
2495
2502
2510
2517
2523
2532
2540
2547
2555
2564
2571
2578
2586
2593
2599
2605
2611
2617
2622
2627
2632
2636
2639
2643
2645
2647
2650
2651
2651
2653
2653
2654
2654
2654
2654
2655
2655
2655
2656
2656
2656
2657
2658
2657
2658
2658
2657
2657
2656
2656
2655
2654
2652
2651
2648
2646
2643
2640
2636
2633
2628
2624
2620
2615
2610
2606
2601
2597
2593
2590
2587
2585
2583
2582
2581
2580
2581
2582
2582
2583
2585
2587
2588
2591
2593
2594
2597
2599
2601
2604
2606
2608
2610
2612
2614
2616
2617
2619
2620
2621
2623
2624
2626
2627
2629
2631
2633
2635
2639
2643
2647
2650
2657
2662
2666
2673
2679
2685
2692
2699
2706
2713
2720
2727
2733
2740
2746
2752
2758
2763
2768
2773
2777
2782
2785
2789
2792
2795
2798
2801
2802
2805
2807
2808
2811
2814
2816
2820
2824
2827
2832
2837
2841
2846
2852
2857
2862
2869
2874
2879
2885
2891
2896
2901
2906
2911
2915
2918
2922
2924
2927
2929
2931
2931
2932
2933
2932
2931
2930
2929
2927
2925
2923
2920
2918
2916
2913
2911
2909
2906
2903
2901
2898
2896
2894
2891
2889
2888
2885
2883
2882
2880
2877
2875
2873
2870
2867
2865
2861
2858
2855
2852
2848
2845
2842
2838
2835
2831
2827
2824
2820
2817
2813
2810
2806
2803
2800
2797
2794
2791
2788
2785
2782
2779
2776
2773
2770
2767
2763
2760
2757
2754
2751
2748
2744
2741
2738
2734
2730
2727
2724
2721
2719
2717
2715
2714
2712
2711
2710
2709
2709
2710
2710
2710
2712
2714
2715
2718
2720
2722
2725
2728
2730
2733
2736
2739
2742
2744
2746
2748
2749
2751
2752
2754
2755
2756
2757
2758
2759
2760
2760
2761
2761
2763
2764
2765
2766
2768
2769
2772
2775
2777
2780
2784
2787
2789
2794
2797
2801
2805
2809
2813
2817
2821
2824
2827
2830
2833
2836
2839
2841
2842
2844
2845
2847
2848
2848
2849
2848
2848
2847
2846
2844
2842
2841
2839
2838
2836
2835
2834
2833
2832
2832
2831
2830
2829
2829
2828
2827
2826
2824
2823
2821
2819
2817
2815
2813
2810
2807
2804
2801
2798
2795
2792
2788
2784
2781
2777
2773
2769
2765
2761
2756
2753
2749
2745
2741
2738
2735
2732
2729
2727
2724
2722
2720
2718
2716
2714
2713
2712
2710
2709
2708
2706
2705
2704
2702
2700
2698
2696
2695
2693
2692
2690
2689
2687
2686
2686
2685
2684
2683
2682
2682
2682
2682
2682
2684
2685
2685
2687
2690
2692
2694
2697
2699
2702
2706
2709
2712
2716
2720
2723
2727
2731
2735
2739
2743
2747
2750
2754
2757
2761
2764
2767
2769
2772
2775
2777
2779
2782
2784
2786
2787
2790
2791
2793
2795
2797
2799
2801
2802
2804
2806
2808
2810
2812
2813
2815
2817
2818
2819
2820
2821
2821
2822
2823
2823
2824
2825
2825
2826
2826
2827
2827
2829
2831
2832
2834
2835
2836
2839
2840
2842
2844
2846
2849
2851
2854
2856
2859
2862
2865
2867
2871
2874
2876
2880
2883
2886
2889
2892
2895
2897
2900
2903
2905
2907
2909
2911
2912
2913
2914
2915
2915
2915
2915
2914
2914
2913
2911
2909
2908
2906
2904
2902
2899
2897
2894
2891
2888
2885
2882
2878
2875
2871
2867
2863
2860
2856
2852
2849
2845
2841
2838
2834
2831
2828
2825
2821
2819
2816
2813
2810
2808
2806
2804
2803
2801
2800
2799
2798
2797
2797
2796
2796
2796
2795
2796
2796
2797
2798
2800
2801
2802
2805
2807
2808
2811
2813
2816
2819
2822
2825
2828
2831
2834
2837
2841
2844
2846
2850
2853
2856
2859
2862
2864
2866
2868
2870
2872
2873
2875
2875
2876
2876
2877
2876
2876
2876
2875
2873
2872
2870
2868
2866
2864
2862
2859
2857
2854
2851
2848
2844
2841
2838
2834
2830
2826
2823
2820
2816
2813
2810
2807
2804
2801
2798
2795
2792
2790
2787
2784
2782
2779
2777
2775
2773
2771
2770
2768
2766
2765
2764
2764
2763
2762
2762
2761
2760
2759
2759
2757
2757
2756
2754
2752
2751
2749
2746
2744
2742
2740
2737
2735
2732
2729
2727
2724
2721
2718
2715
2712
2709
2706
2703
2700
2697
2694
2692
2689
2686
2684
2681
2679
2677
2675
2673
2672
2670
2669
2667
2666
2664
2663
2662
2661
2660
2659
2658
2658
2657
2657
2657
2657
2657
2657
2656
2656
2655
2655
2655
2654
2654
2654
2654
2654
2655
2655
2656
2657
2659
2660
2662
2664
2667
2669
2672
2674
2677
2680
2682
2685
2688
2690
2693
2695
2698
2700
2702
2704
2705
2707
2708
2709
2710
2711
2711
2712
2712
2713
2713
2713
2713
2714
2714
2713
2713
2712
2712
2711
2710
2710
2710
2710
2709
2709
2709
2709
2710
2711
2711
2711
2712
2712
2713
2715
2716
2717
2719
2720
2721
2723
2724
2726
2728
2730
2731
2733
2735
2737
2738
2740
2742
2744
2746
2747
2749
2750
2751
2752
2754
2755
2756
2758
2759
2761
2762
2763
2765
2766
2767
2768
2769
2771
2772
2773
2776
2778
2780
2783
2786
2788
2792
2795
2799
2802
2807
2811
2814
2819
2823
2827
2832
2837
2841
2845
2850
2854
2858
2863
2867
2871
2875
2879
2882
2886
2889
2892
2896
2899
2901
2904
2907
2910
2912
2915
2917
2920
2922
2924
2925
2927
2929
2930
2932
2933
2934
2935
2936
2937
2937
2938
2938
2939
2939
2938
2938
2938
2937
2937
2937
2937
2936
2936
2935
2934
2934
2933
2931
2930
2929
2928
2926
2925
2924
2922
2921
2920
2919
2918
2917
2917
2916
2915
2915
2915
2914
2914
2914
2914
2914
2914
2913
2913
2913
2913
2912
2911
2911
2910
2910
2909
2908
2908
2907
2907
2906
2905
2904
2903
2902
2902
2901
2900
2899
2897
2896
2895
2893
2891
2890
2889
2887
2885
2884
2883
2882
2880
2879
2877
2876
2875
2874
2873
2872
2872
2871
2871
2870
2870
2870
2870
2870
2869
2869
2869
2869
2868
2868
2868
2868
2867
2866
2866
2865
2865
2864
2864
2863
2862
2861
2860
2859
2858
2857
2856
2855
2854
2853
2852
2851
2850
2849
2848
2846
2845
2844
2842
2840
2839
2837
2836
2835
2833
2832
2830
2829
2827
2826
2825
2823
2821
2819
2817
2815
2813
2811
2809
2807
2805
2802
2801
2798
2796
2794
2792
2790
2788
2786
2783
2781
2779
2777
2775
2773
2771
2769
2767
2765
2763
2762
2760
2759
2757
2756
2754
2752
2750
2749
2747
2746
2744
2742
2741
2740
2738
2736
2735
2733
2732
2730
2729
2728
2727
2727
2726
2725
2724
2724
2723
2722
2722
2721
2721
2720
2720
2720
2719
2719
2720
2720
2720
2721
2721
2721
2722
2722
2722
2722
2723
2723
2723
2724
2724
2725
2725
2726
2727
2728
2729
2729
2730
2731
2732
2733
2735
2736
2737
2738
2739
2741
2742
2744
2745
2747
2749
2751
2752
2754
2755
2757
2759
2760
2762
2763
2765
2766
2768
2770
2771
2773
2774
2775
2777
2778
2779
2780
2781
2782
2782
2783
2784
2785
2785
2786
2786
2787
2788
2788
2789
2790
2791
2792
2793
2794
2795
2796
2798
2799
2800
2802
2803
2804
2805
2807
2808
2809
2811
2812
2813
2814
2815
2815
2817
2817
2818
2818
2819
2820
2820
2821
2821
2822
2823
2824
2825
2826
2826
2827
2828
2829
2831
2832
2833
2834
2836
2837
2838
2840
2841
2842
2844
2845
2846
2847
2849
2849
2850
