3591
3652
3708
3757
3799
3836
3869
3897
3921
3943
3961
3978
3992
4004
4015
4024
4032
4039
4045
4050
4055
4059
4062
4065
4068
4071
4073
4074
4076
4077
4078
4080
4081
4082
4082
4082
4082
4083
4083
4083
4084
4083
4083
4084
4084
4084
4085
4085
4085
4085
4086
4086
4085
4087
4085
4086
4086
4086
4086
4086
4086
4086
4086
4086
4086
4087
4087
4087
4087
4087
4087
4086
4086
4087
4086
4086
4086
4086
4085
4085
4086
4085
4084
4085
4084
4083
4083
4084
4083
4083
4084
4083
4082
4082
4082
4081
4081
4081
4079
4079
4079
4078
4077
4077
4076
4075
4075
4073
4071
4067
4057
4048
4041
4021
4001
3984
3962
3936
3914
3893
3868
3846
3827
3806
3787
3771
3754
3734
3717
3701
3680
3662
3646
3631
3616
3604
3595
3591
3586
3582
3587
3591
3593
3597
3599
3601
3601
3598
3594
3592
3584
3576
3569
3559
3547
3537
3525
3508
3492
3479
3457
3436
3418
3395
3367
3343
3319
3289
3261
3238
3212
3188
3166
3146
3127
3109
3094
3076
3059
3044
3026
3008
2991
2975
2957
2941
2927
2911
2896
2882
2867
2851
2837
2823
2806
2791
2777
2762
2748
2734
2722
2710
2698
2688
2681
2674
2668
2667
2666
2665
2666
2670
2673
2676
2682
2688
2693
2701
2708
2715
2722
2729
2736
2741
2744
2747
2749
2748
2746
2743
2740
2735
2730
2725
2717
2707
2699
2688
2674
2661
2648
2631
2615
2601
2583
2566
2550
2535
2519
2505
2493
2479
2467
2456
2444
2432
2420
2409
2395
2383
2372
2359
2347
2336
2326
2316
2307
2298
2290
2282
2275
2268
2261
2256
2252
2249
2247
2245
2249
2251
2252
2258
2262
2266
2272
2278
2283
2288
2296
2303
2309
2316
2322
2327
2330
2332
2333
2333
2327
2321
2316
2306
2295
2285
2275
2263
2252
2242
2232
2222
2213
2203
2193
2184
2174
2164
2154
2146
2140
2133
2127
2123
2120
2117
2114
2114
2113
2111
2110
2109
2107
2106
2104
2102
2099
2097
2094
2092
2090
2087
2084
2082
2079
2076
2074
2073
2071
2069
2069
2069
2069
2069
2073
2076
2078
2084
2090
2094
2100
2106
2111
2115
2119
2122
2124
2126
2125
2125
2124
2122
2119
2116
2111
2106
2101
2095
2088
2082
2076
2069
2063
2058
2053
2049
2044
2041
2038
2034
2031
2029
2027
2024
2025
2024
2024
2024
2024
2025
2025
2027
2028
2028
2030
2031
2032
2033
2033
2033
2033
2031
2029
2027
2024
2019
2015
2011
2005
2000
1995
1988
1981
1976
1970
1965
1960
1956
1953
1951
1948
1947
1945
1943
1941
1938
1936
1933
1931
1929
1926
1924
1921
1918
1915
1910
1905
1901
1895
1889
1883
1877
1868
1861
1854
1845
1837
1830
1822
1814
1808
1802
1797
1793
1789
1786
1783
1780
1779
1778
1777
1777
1779
1780
1781
1783
1785
1785
1787
1787
1787
1786
1785
1783
1781
1778
1775
1771
1768
1763
1760
1756
1752
1748
1745
1743
1740
1737
1737
1736
1735
1735
1736
1737
1736
1740
1742
1744
1747
1751
1754
1756
1760
1762
1764
1767
1768
1770
1771
1771
1771
1770
1769
1768
1766
1765
1764
1763
1763
1766
1768
1770
1782
1791
1799
1817
1837
1853
1872
1902
1928
1948
1985
2016
2043
2079
2118
2151
2184
2230
2270
2305
2355
2402
2445
2496
2556
2610
2660
2731
2793
2849
2918
2986
3045
3109
3182
3247
3302
3378
3443
3500
3563
3624
3676
3724
3771
3810
3844
3875
3902
3924
3945
3963
3979
3992
4005
4015
4024
4032
4039
4045
4050
4054
4058
4062
4065
4068
4069
4072
4073
4074
4076
4077
4077
4077
4079
4079
4078
4078
4078
4077
4076
4074
4072
4070
4064
4058
4052
4044
4034
4024
4015
3999
3985
3973
3953
3933
3916
3896
3872
3851
3831
3803
3778
3757
3727
3696
3670
3641
3605
3574
3546
3508
3473
3443
3406
3369
3336
3302
3264
3231
3201
3163
3129
3099
3066
3033
3003
2974
2941
2911
2885
2853
2821
2793
2762
2728
2697
2667
2633
2602
2573
2544
2516
2492
2469
2447
2427
2410
2394
2381
2369
2361
2355
2349
2346
2349
2351
2352
2362
2371
2379
2392
2408
2422
2437
2458
2476
2493
2517
2540
2561
2586
2615
2640
2665
2701
2731
2758
2793
2827
2857
2890
2927
2960
2990
3028
3061
3091
3124
3154
3181
3208
3234
3256
3275
3297
3315
3331
3348
3363
3376
3389
3402
3413
3423
3432
3440
3446
3450
3453
3454
3454
3449
3443
3438
3424
3409
3396
3379
3357
3338
3319
3295
3273
3254
3232
3210
3191
3172
3153
3135
3119
3103
3088
3075
3065
3055
3047
3041
3037
3034
3030
3035
3041
3045
3057
3075
3090
3106
3132
3154
3174
3203
3228
3251
3277
3304
3327
3349
3375
3397
3416
3436
3454
3469
3484
3499
3511
3521
3531
3539
3547
3551
3554
3556
3556
3553
3550
3547
3540
3533
3527
3519
3511
3504
3496
3487
3479
3472
3459
3447
3437
3424
3409
3395
3382
3367
3353
3340
3326
3312
3301
3288
3275
3263
3252
3239
3227
3217
3207
3197
3189
3181
3174
3168
3162
3157
3151
3147
3142
3136
3131
3126
3120
3114
3108
3099
3090
3082
3072
3061
3050
3040
3028
3017
3007
2995
2982
2971
2959
2945
2931
2919
2904
2890
2877
2864
2851
2839
2828
2817
2807
2797
2787
2778
2769
2760
2751
2742
2734
2726
2719
2712
2705
2698
2692
2685
2679
2672
2666
2658
2651
2645
2638
2632
2626
2621
2615
2610
2605
2601
2597
2592
2589
2586
2583
2582
2582
2582
2582
2586
2588
2590
2595
2599
2603
2608
2614
2619
2624
2631
2637
2642
2647
2651
2655
2659
2662
2664
2666
2668
2669
2670
2671
2671
2671
2671
2672
2672
2672
2672
2672
2673
2674
2676
2677
2678
2682
2685
2687
2690
2694
2697
2700
2704
2707
2709
2712
2715
2717
2719
2720
2721
2722
2723
2723
2723
2722
2720
2718
2715
2712
2708
2705
2700
2696
2692
2688
2683
2679
2676
2672
2669
2666
2663
2660
2658
2656
2654
2653
2651
2651
2650
2648
2648
2646
2645
2643
2641
2639
2636
2631
2627
2622
2616
2608
2602
2594
2584
2575
2566
2554
2543
2533
2521
2509
2499
2487
2476
2465
2455
2446
2437
2429
2422
2414
2408
2401
2394
2388
2382
2377
2371
2366
2361
2357
2352
2348
2343
2338
2333
2327
2320
2314
2308
2300
2293
2287
2282
2277
2272
2271
2269
2268
2270
2275
2278
2282
2294
2304
2313
2328
2344
2357
2373
2391
2407
2422
2442
2458
2473
2490
2506
2520
2533
2548
2561
2572
2582
2592
2600
2607
2614
2620
2626
2631
2636
2640
2645
2648
2651
2654
2657
2659
2660
2662
2663
2663
2663
2663
2662
2660
2657
2654
2650
2642
2634
2626
2615
2601
2589
2575
2557
2540
2525
2504
2485
2468
2449
2430
2413
2398
2383
2370
2358
2351
2345
2339
2338
2340
2341
2344
2352
2359
2365
2377
2387
2396
2408
2422
2434
2445
2461
2475
2487
2503
2518
2532
2546
2562
2576
2589
2605
2619
2632
2646
2660
2673
2686
2701
2714
2726
2741
2754
2765
2778
2791
2802
2812
2824
2834
2843
2853
2862
2870
2879
2888
2895
2902
2911
2918
2924
2931
2938
2944
2950
2956
2962
2967
2974
2980
2986
2993
3000
3006
3013
3022
3030
3037
3048
3057
3065
3075
3086
3095
3106
3125
3143
3138
3140
3150
3158
3167
3177
3186
3193
3201
3207
3212
3217
3220
3223
3225
3225
3225
3224
3221
3219
3216
3212
3207
3203
3197
3191
3184
3179
3172
3165
3159
3152
3145
3139
3132
3125
3118
3112
3104
3096
3089
3081
3072
3064
3056
3047
3038
3031
3022
3013
3004
2996
2987
2978
2970
2961
2953
2945
2937
2929
2922
2915
2908
2903
2897
2892
2887
2883
2879
2875
2872
2869
2867
2864
2862
2860
2858
2856
2854
2852
2850
2847
2845
2842
2840
2837
2834
2832
2829
2825
2821
2818
2813
2808
2804
2799
2794
2789
2784
2778
2772
2767
2761
2755
2750
2744
2737
2732
2726
2720
2714
2708
2702
2695
2689
2682
2675
2669
2662
2655
2648
2642
2635
2628
2622
2616
2610
2604
2599
2594
2588
2584
2580
2575
2571
2567
2565
2562
2559
2558
2556
2555
2555
2554
2554
2554
2554
2555
2555
2557
2558
2559
2561
2563
2565
2567
2570
2572
2573
2577
2579
2581
2583
2587
2589
2592
2596
2600
2603
2608
2612
2615
2620
2626
2630
2635
2641
2646
2651
2657
2663
2668
2673
2680
2686
2691
2698
2705
2710
2717
2724
2730
2735
2743
2750
2756
2764
2771
2777
2785
2792
2798
2804
2813
2821
2828
2837
2845
2852
2861
2870
2878
2885
2895
2904
2912
2921
2931
2939
2947
2957
2965
2972
2982
2989
2996
3003
3010
3016
3021
3028
3034
3038
3044
3049
3053
3057
3061
3065
3069
3073
3076
3078
3082
3084
3086
3089
3091
3093
3094
3096
3096
3097
3097
3097
3097
3096
3095
3094
3093
3092
3090
3088
3086
3083
3081
3078
3076
3073
3070
3068
3066
3063
3061
3059
3057
3055
3053
3051
3048
3047
3044
3043
3041
3040
3038
3037
3036
3035
3034
3033
3031
3029
3028
3027
3025
3024
3023
3022
3021
3020
3020
3019
3019
3018
3018
3017
3016
3016
3015
3014
3014
3014
3013
3013
3012
3012
3011
3011
3011
3011
3010
3010
3010
3011
3011
3012
3013
3013
3014
3015
3015
3015
3015
3015
3015
3015
3014
3013
3013
3012
3010
3008
3006
3004
3001
2999
2997
2995
2992
2990
2988
2985
2983
2980
2977
2975
2973
2971
2969
2967
2967
2965
2965
2965
2965
2964
2964
2965
2964
2964
2965
2965
2965
2966
2966
2966
2966
2966
2964
2963
2963
2962
2961
2960
2959
2957
2956
2954
2951
2949
2947
2943
2941
2938
2934
2931
2927
2924
2920
2917
2913
2909
2905
2901
2896
2892
2887
2882
2877
2872
2867
2862
2857
2852
2848
2843
2839
2835
2830
2827
2823
2819
2815
2812
2809
2806
2803
2802
2801
2800
2800
2801
2802
2802
2805
2808
2809
2813
2817
2820
2824
2828
2832
2835
2840
2843
2847
2851
2854
2857
2859
2861
2863
2863
2864
2864
2863
2862
2861
2859
2857
2855
2853
2850
2846
2842
2839
2835
2830
2826
2822
2816
2811
2806
2800
2794
2788
2782
2775
2768
2762
2754
2746
2739
2731
2723
2716
2708
2699
2691
2683
2675
2667
2660
2653
2645
2639
2632
2626
2619
2613
2607
2601
2596
2590
2585
2579
2575
2570
2565
2561
2557
2553
2549
2545
2542
2538
2535
2533
2530
2528
2527
2525
2524
2524
2523
2523
2523
2524
2524
2525
2527
2528
2530
2532
2534
2536
2538
2542
2545
2547
2550
2554
2557
2559
2564
2567
2570
2574
2578
2582
2587
2592
2597
2602
2608
2613
2618
2625
2631
2636
2642
2650
2656
2661
2669
2676
2682
2690
2697
2704
2710
2718
2725
2731
2740
2746
2752
2759
2765
2770
