2803
2803
2803
2803
2803
2803
2804
2803
2804
2804
2805
2805
2805
2805
2805
2805
2805
2805
2806
2806
2806
2806
2806
2807
2807
2807
2807
2808
2808
2808
2808
2808
2809
2809
2809
2809
2809
2809
2809
2809
2809
2809
2808
2808
2808
2808
2808
2807
2808
2808
2807
2808
2807
2808
2808
2808
2808
2808
2808
2808
2808
2807
2807
2807
2807
2808
2808
2808
2808
2808
2808
2808
2807
2807
2806
2806
2805
2805
2804
2805
2805
2804
2805
2805
2805
2806
2806
2807
2808
2808
2808
2809
2809
2809
2809
2809
2809
2809
2809
2809
2809
2808
2808
2808
2808
2808
2808
2807
2807
2807
2806
2806
2806
2805
2805
2805
2805
2805
2806
2806
2806
2806
2806
2806
2806
2806
2806
2807
2807
2807
2807
2808
2808
2808
2809
2809
2809
2809
2809
2809
2809
2809
2809
2809
2809
2809
2810
2809
2809
2809
2809
2808
2808
2808
2807
2808
2807
2807
2807
2807
2807
2807
2806
2806
2805
2805
2805
2804
2805
2804
2804
2804
2804
2804
2805
2804
2804
2805
2805
2805
2805
2805
2804
2805
2805
2804
2805
2805
2805
2806
2806
2806
2806
2806
2807
2807
2807
2808
2807
2808
2806
2806
2806
2805
2806
2806
2804
2806
2805
2804
2803
2802
2801
2801
2801
2803
2804
2807
2810
2814
2822
2829
2841
2864
2884
2907
2954
2996
3032
3099
3155
3206
3283
3349
3406
3481
3546
2809
2809
2808
2808
2807
2806
2806
2805
2804
2804
2803
2802
2802
2802
2801
2801
2801
2800
2800
2800
2800
2800
2800
2800
2799
2800
2800
2799
2800
2800
2800
2801
2801
2801
2802
2802
2802
2803
2804
2804
2805
2806
2806
2807
2808
2809
2810
2810
2811
2811
2812
2812
2813
2813
2813
2812
2812
2811
2811
2811
2811
2811
2811
2811
2811
2811
2811
2810
2810
2810
2809
2809
2809
2808
2809
2809
2809
2809
2809
2808
2808
2808
2807
2807
2807
2806
2806
2806
2806
2806
2805
2805
2805
2804
2804
2804
2804
2804
2804
2804
2804
2805
2805
2804
2804
2805
2804
2804
2805
2805
2805
2805
2805
2805
2806
2805
2805
2806
2806
2807
2807
2807
2807
2808
2808
2808
2808
2809
2809
2809
2809
2810
2810
2810
2810
2811
2811
2811
2811
2811
2811
2811
2811
2810
2810
2810
2810
2810
2810
2810
2810
2810
2809
2809
2809
2808
2808
2808
2808
2808
2808
2808
2808
2808
2808
2808
2809
2808
2808
2809
2809
2809
2809
2809
2809
2809
2809
2810
2810
2810
2810
2810
2810
2810
2810
2811
2811
2811
2811
2812
2812
2812
2812
2813
2813
2813
2813
2814
2814
2814
2815
2815
2815
2816
2816
2816
2816
2815
2815
2815
2815
2814
2814
2813
2813
2813
2813
2813
2813
2812
2812
2812
2812
2812
2812
2811
2811
2811
2811
2811
2811
2811
2810
2810
2810
2810
2809
2809
2809
2809
2809
2809
2809
2809
2809
2809
2810
2810
2810
2811
2811
2811
2812
2812
2812
2813
2814
2814
2815
2815
2815
2817
2817
2817
2818
2818
2819
2819
2819
2819
2819
2819
2819
2819
2819
2818
2818
2818
2818
2817
2817
2817
2817
2817
2817
2817
2818
2818
2818
2818
2819
2819
2820
2820
2820
2820
2820
2819
2819
2819
2818
2819
2818
2818
2818
2817
2817
2817
2816
2816
2816
2815
2815
2815
2815
2814
2815
2815
2815
2815
2815
2815
2815
2814
2814
2814
2813
2813
2812
2812
2811
2811
2811
2810
2810
2810
2810
2810
2810
2810
2810
2811
2811
2810
2811
2811
2811
2811
2810
2810
2810
2809
2809
2809
2809
2809
2809
2809
2809
2809
2809
2810
2810
2811
2812
2813
2813
2814
2814
2814
2814
2814
2814
2813
2813
2813
2812
2812
2812
2811
2811
2811
2810
2809
2808
2807
2806
2806
2805
2804
2804
2803
2803
2802
2801
2801
2801
2801
2801
2802
2802
2802
2803
2804
2805
2805
2806
2806
2807
2807
2807
2808
2809
2809
2810
2810
2810
2810
2811
2811
2811
2811
2810
2810
2810
2810
2809
2809
2809
2808
2808
2807
2807
2807
2806
2806
2806
2805
2805
2805
2804
2803
2803
2803
2802
2802
2801
2801
2801
2801
2801
2802
2801
2802
2802
2802
2802
2802
2802
2802
2803
2803
2803
2802
2802
2802
2802
2802
2802
2802
2802
2802
2802
2802
2802
2802
2802
2802
2802
2803
2803
2803
2804
2804
2804
2805
2806
2806
2807
2807
2808
2809
2809
2810
2810
2810
2809
2810
2809
2809
2809
2809
2809
2808
2808
2808
2808
2808
2808
2808
2809
2809
2808
2809
2809
2808
2808
2808
2807
2807
2806
2806
2806
2805
2805
2805
2804
2804
2804
2804
2804
2804
2804
2804
2804
2804
2804
2805
2805
2804
2805
2805
2805
2805
2805
2804
2804
2804
2804
2804
2804
2804
2804
2804
2804
2804
2804
2804
2804
2804
2804
2803
2804
