3604
3664
3718
3762
3803
3839
3868
3889
3905
3919
3913
3900
3887
3850
3800
3756
3691
3613
3544
3468
3380
3303
3221
3127
3042
2954
2852
2760
2675
2591
2518
2456
2404
2359
2321
2294
2271
2250
2241
2232
2224
2230
2234
2238
2253
2265
2275
2288
2300
2310
2317
2321
2325
2322
2316
2312
2297
2279
2265
2245
2223
2205
2185
2162
2143
2123
2102
2084
2069
2056
2044
2037
2036
2034
2034
2039
2042
2045
2050
2054
2057
2061
2064
2067
2065
2063
2062
2053
2045
2037
2023
2009
1997
1982
1967
1955
1947
1941
1936
1935
1936
1937
1941
1946
1950
1958
1969
1978
1992
2012
2029
2050
2077
2099
2122
2150
2173
2194
2215
2233
2248
2262
2274
2283
2290
2294
2298
2296
2293
2292
2284
2275
2268
2258
2248
2239
2231
2224
2218
2215
2213
2211
2215
2218
2222
2230
2240
2248
2259
2272
2283
2294
2305
2315
2323
2329
2333
2336
2333
2331
2327
2317
2308
2298
2281
2265
2250
2228
2208
2191
2171
2153
2137
2124
2113
2102
2098
2094
2091
2096
2101
2105
2117
2129
2139
2156
2172
2187
2205
2223
2238
2255
2271
2285
2297
2308
2316
2322
2323
2325
2323
2318
2311
2304
2292
2282
2271
2257
2245
2233
2219
2206
2195
2185
2174
2166
2159
2153
2147
2143
2139
2135
2133
2130
2127
2126
2124
2123
2125
2126
2127
2132
2137
2141
2149
2158
2166
2178
2194
2206
2223
2245
2263
2284
2310
2333
2358
2389
2416
2445
2483
2516
2550
2601
2645
2686
2742
2791
2835
2889
2936
2979
3028
3071
3110
3154
3194
3230
3269
3305
3336
3367
3395
3420
3444
3466
3485
3503
3518
3534
3545
3559
3570
3581
3594
3603
3616
3631
3645
3658
3675
3687
3698
3710
3720
3729
3739
3747
3755
3768
3778
3787
3804
3818
3830
3848
3863
3876
3891
3904
3916
3927
3936
3945
3949
3952
3956
3954
3951
3949
3945
3941
3937
3935
3933
3931
3930
3930
3930
3929
3927
3925
3921
3914
3908
3899
3886
3874
3861
3843
3827
3812
3792
3774
3757
3734
3713
3694
3665
3640
3618
3585
3554
3529
3493
3459
3430
3392
3356
3324
3287
3251
3219
3185
3152
3123
3095
3068
3044
3023
3003
2985
2969
2955
2941
2930
2920
2910
2903
2897
2891
2887
2885
2883
2882
2884
2885
2886
2887
2888
2888
2889
2889
2888
2889
2889
2889
2891
2893
2895
2899
2903
2907
2914
2921
2927
2938
2949
2959
2975
2992
3006
3027
3049
3068
3092
3119
3143
3170
3201
3228
3257
3290
3319
3348
3383
3413
3441
3475
3503
3529
3558
3582
3603
3626
3645
3661
3681
3697
3712
3729
3745
3758
3772
3785
3796
3806
3815
3823
3832
3839
3846
3854
3861
3868
3876
3883
3889
3896
3902
3906
3912
3917
3920
3924
3929
3931
3933
3933
3932
3930
3924
3918
3911
3899
3888
3877
3860
3845
3831
3808
3788
3770
3739
3712
3689
3653
3621
3593
3555
3519
3489
3449
3411
3377
3336
3296
3260
3220
3180
3144
3107
3070
3037
3004
2972
2942
2912
2881
2853
2826
2797
2771
2747
2723
2701
2681
2664
2649
2634
2623
2613
2603
2594
2586
2579
2571
2564
2558
2551
2544
2538
2532
2525
2520
2514
2509
2504
2501
2498
2495
2495
2495
2495
2498
2501
2504
2510
2517
2523
2531
2542
2551
2562
2575
2587
2599
2615
2629
2642
2659
2674
2689
2707
2723
2738
2757
2773
2788
2803
2817
2829
2841
2852
2861
2870
2878
2885
2891
2897
2901
2906
2909
2912
2914
2915
2916
2916
2915
2913
2911
2908
2904
2901
2896
2891
2886
2880
2874
2867
2859
2852
2845
2836
2828
2819
2809
2799
2790
2778
2767
2757
2743
2731
2720
2705
2692
2680
2665
2652
2640
2627
2614
2603
2590
2579
2568
2557
2545
2535
2525
2513
2504
2493
2482
2473
2463
2452
2443
2433
2421
2412
2402
2392
2383
2374
2364
2355
2345
2334
2323
2313
2300
2289
2278
2265
2253
2243
2232
2222
2213
2203
2193
2185
2174
2164
2156
2146
2136
2128
2120
2112
2105
2099
2091
2085
2079
2071
2065
2059
2053
2047
2043
2038
2034
2031
2028
2025
2022
2021
2019
2018
2018
2018
2018
2022
2024
2027
2033
2038
2041
2049
2054
2058
2064
2069
2072
2077
2080
2083
2086
2089
2091
2093
2094
2095
2095
2095
2094
2094
2092
2091
2090
2088
2086
2084
2081
2078
2076
2075
2073
2072
2073
2073
2074
2076
2077
2078
2080
2082
2083
2085
2086
2087
2089
2089
2090
2091
2092
2092
2092
2091
2090
2088
2086
2084
2082
2079
2076
2074
2071
2068
2066
2065
2063
2062
2061
2060
2061
2062
2063
2065
2068
2071
2075
2081
2086
2092
2102
2109
2116
2128
2138
2147
2160
2171
2180
2195
2206
2216
2231
2243
2253
2268
2280
2291
2305
2318
2329
2343
2357
2369
2384
2398
2411
2426
2442
2456
2472
2489
2504
2520
2538
2554
2571
2590
2607
2625
2645
2662
2679
2700
2718
2734
2754
2772
2788
2807
2824
2839
2857
2873
2887
2904
2918
2931
2946
2959
2971
2984
2996
3006
3018
3029
3038
3049
3058
3067
3077
3086
3093
3102
3110
3117
3125
3132
3138
3145
3151
3157
3162
3169
3174
3179
3186
3192
3198
3206
3213
3218
3225
3230
3235
3240
3243
3247
3251
3254
3257
3260
3262
3265
3267
3269
3272
3274
3276
3278
3282
3286
3289
3295
3301
3307
3316
3327
3337
3352
3370
3385
3404
3428
3449
3472
3500
3524
3547
3573
3595
3615
3634
3650
3663
3672
3679
3684
3682
3679
3677
3663
3650
3640
3617
3596
3578
3552
3527
3506
3481
3459
3439
3418
3399
3382
3368
3354
3343
3334
3327
3321
3317
3313
3310
3306
3302
3298
3292
3285
3277
3269
3257
3247
3234
3217
3201
3184
3161
3141
3122
3097
3074
3054
3030
3008
2988
2969
2951
2935
2924
2915
2906
2905
2905
2905
2912
2919
2925
2936
2947
2956
2966
2976
2984
2991
2998
3003
3006
3006
3006
3002
2993
2985
2973
2958
2945
2930
2913
2898
2883
2869
2855
2842
2831
2820
2811
2805
2798
2793
2793
2793
2792
2798
2803
2807
2817
2826
2834
2845
2855
2865
2876
2886
2895
2904
2911
2918
2923
2926
2930
2932
2933
2934
2934
2935
2935
2935
2934
2933
2931
2928
2925
2922
2918
2914
2911
2908
2906
2903
2902
2900
2898
2896
2894
2892
2886
2881
2876
2867
2858
2851
2838
2826
2815
2800
2785
2771
2752
2732
2715
2694
2672
2652
2631
2610
2591
2572
2553
2536
2520
2504
2490
2477
2465
2454
2444
2436
2428
2421
2416
2411
2407
2404
2401
2399
2397
2395
2393
2391
2388
2385
2382
2378
2375
2371
2368
2365
2361
2358
2355
2353
2350
2348
2349
2350
2351
2355
2360
2364
2370
2378
2385
2394
2403
2411
2420
2430
2440
2448
2458
2466
2474
2482
2489
2495
2501
2505
2509
2514
2517
2520
2522
2524
2525
2528
2530
2532
2536
2539
2542
2547
2553
2557
2566
2575
2582
2593
2604
2615
2629
2643
2657
2673
2690
2705
2722
2741
2757
2774
2792
2808
2823
2838
2852
2865
2877
2888
2898
2909
2918
2926
2936
2946
2953
2962
2970
2978
2986
2993
3000
3008
3015
3022
3031
3039
3046
3056
3065
3074
3084
3093
3101
3112
3122
3131
3141
3153
3162
3173
3184
3194
3205
3216
3226
3236
3248
3257
3268
3281
3292
3303
3317
3328
3338
3351
3361
3370
3381
3389
3397
3407
3414
3422
3429
3436
3442
3447
3452
3456
3460
3462
3465
3467
3468
3470
3471
3471
3471
3471
3470
3469
3467
3464
3462
3459
3456
3453
3450
3448
3446
3443
3442
3439
3437
3435
3433
3430
3428
3425
3422
3419
3416
3412
3408
3403
3399
3394
3389
3384
3378
3371
3366
3359
3352
3346
3337
3329
3321
3312
3302
3293
3283
3272
3262
3252
3240
3230
3218
3207
3195
3184
3172
3161
3150
3137
3126
3115
3102
3090
3078
3064
3052
3040
3027
3014
3003
2989
2977
2966
2953
2940
2929
2916
2904
2893
2880
2868
2858
2846
2835
2825
2814
2804
2795
2786
2777
2769
2761
2753
2745
2738
2731
2724
2717
2710
2703
2696
2688
2680
2673
2665
2657
2650
2641
2633
2625
2616
2607
2599
2591
2582
2575
2567
2560
2553
2547
2541
2535
2530
2525
2521
2517
2513
2509
2507
2505
2502
2501
2500
2499
2498
2497
2496
2495
2494
2493
2491
2489
2487
2485
2483
2481
2478
2475
2472
2469
2466
2463
2461
2459
2458
2456
2455
2455
2454
2455
2455
2455
2458
2459
2460
2463
2465
2467
2470
2472
2474
2477
2479
2481
2483
2485
2487
2489
2490
2491
2492
2492
2493
2493
2493
2493
2494
2494
2495
2495
2496
2497
2498
2500
2502
2504
2508
2511
2514
2519
2524
2527
2534
2539
2544
2551
2557
2562
2569
2574
2580
2586
2591
2595
2600
2604
2607
2611
2613
2615
2617
2618
2619
2619
2619
2619
2619
2618
2617
2615
2614
2612
2610
2609
2607
2605
2602
2600
2598
2596
2594
2592
2592
2590
2589
2589
2588
2587
2587
2587
2587
2588
2588
2589
2590
2591
2592
2593
2594
2594
2596
2597
2598
2599
2600
2602
2604
2605
2607
2609
2612
2614
2617
2620
2623
2626
2630
2634
2638
2643
2648
2653
2660
2665
2671
2679
2685
2691
2699
2706
2712
2721
2729
2735
2744
2751
2758
2766
2773
2780
2787
2793
2799
2805
2811
2816
2822
2827
2831
2836
2840
2844
2849
2853
2857
2861
2866
2870
2875
2880
2885
2890
2896
2901
2906
2913
2918
2924
2931
2937
2943
2951
2957
2963
2971
2977
2983
2991
2998
3004
3013
3019
3026
3033
3040
3046
3053
3060
3066
3073
3079
3084
3090
3096
3100
3106
3111
3115
3119
3124
3127
3131
3136
3139
3143
3146
3149
3152
3154
3156
3158
3159
3160
3161
3162
3163
3163
3163
3162
3162
3161
3159
3158
3156
3153
3151
3147
3143
3140
3136
3132
3128
3124
3120
3117
3113
3110
3107
3104
3101
3098
3095
3092
3090
3087
3084
3080
3077
3074
3070
3067
3064
3061
3058
3056
3053
3051
3049
3047
3045
3043
3042
3039
3038
3037
3035
3033
3032
3030
3028
3026
3024
3021
3018
3016
3013
3010
3007
3003
2999
2996
2991
2986
2982
2977
2971
2965
2959
2953
2947
2941
2935
2929
2924
2918
2913
2908
2903
2898
2893
2888
2884
2879
2875
2871
2867
2864
2860
2857
2853
2849
2846
2842
2839
2835
2832
2827
2824
2820
2816
2813
2809
2805
2802
2799
2795
2792
2788
2786
2783
2780
2778
2777
2775
2774
2773
2772
2771
2770
2770
2770
2770
2769
2770
2770
2770
2772
2772
2773
2774
2775
2776
2778
2779
2780
2782
2783
2784
2784
2784
2784
2783
2782
2781
2781
2780
2779
2778
2777
2776
2774
2773
2772
2770
2769
2767
2766
2765
2764
2764
2763
2762
2762
2762
2762
2762
2762
2763
2763
2765
2766
2767
2769
2770
2771
