3546
3567
3594
3620
3642
3665
3691
3712
3731
3754
3773
3789
3806
3820
3833
3843
3852
3859
3865
3865
3864
3864
3859
3851
3844
3836
3822
3809
3799
3781
3764
3749
3732
3714
3697
3682
3663
3646
3631
3614
3598
3584
3570
3556
3543
3532
3518
3505
3494
3479
3464
3450
3435
3417
3401
3386
3365
3346
3329
3309
3287
3268
3250
3230
3212
3196
3179
3163
3150
3138
3127
3117
3108
3102
3096
3091
3088
3086
3084
3083
3084
3085
3085
3089
3091
3093
3096
3100
3103
3107
3112
3116
3120
3127
3132
3137
3144
3151
3158
3164
3173
3181
3188
3199
3208
3216
3225
3235
3243
3250
3258
3264
3269
3273
3276
3279
3280
3281
3282
3282
3281
3280
3279
3278
3276
3275
3274
3274
3274
3275
3279
3282
3284
3290
3297
3302
3308
3319
3327
3335
3347
3357
3366
3377
3388
3398
3406
3416
3423
3431
3436
3441
3445
3448
3449
3450
3452
3449
3445
3441
3432
3420
3409
3397
3381
3365
3352
3334
3318
3307
3295
3281
3267
3250
3228
3207
3189
3166
3145
3125
3106
3085
3063
3043
3025
3010
2998
2986
2974
2963
2953
2943
2934
2926
2919
2912
2906
2901
2896
2891
2887
2884
2881
2878
2877
2874
2872
2870
2869
2867
2865
2863
2861
2859
2857
2854
2851
2848
2844
2840
2836
2831
2825
2821
2814
2808
2803
2797
2790
2783
2777
2771
2764
2758
2752
2745
2739
2733
2726
2720
2714
2707
2701
2695
2688
2681
2675
2669
2663
2658
2652
2647
2641
2636
2631
2626
2622
2618
2615
2611
2608
2606
2604
2602
2601
2601
2601
2600
2602
2604
2605
2607
2610
2612
2614
2617
2620
2622
2625
2627
2629
2632
2634
2636
2637
2639
2640
2641
2642
2642
2642
2641
2640
2639
2638
2636
2634
2632
2630
2627
2624
2622
2619
2616
2613
2612
2609
2607
2606
2605
2603
2602
2601
2600
2599
2599
2599
2598
2598
2598
2598
2598
2599
2598
2598
2598
2598
2598
2597
2597
2597
2597
2597
2597
2596
2596
2596
2596
2596
2596
2596
2596
2597
2597
2597
2598
2599
2600
2601
2602
2603
2604
2606
2607
2608
2609
2609
2610
2611
2611
2611
2612
2612
2611
2611
2610
2608
2606
2604
2600
2596
2593
2587
2581
2576
2569
2562
2554
2547
2537
2527
2518
2508
2497
2487
2477
2466
2455
2446
2435
2424
2414
2405
2395
2386
2378
2372
2365
2359
2355
2350
2347
2344
2342
2340
2338
2338
2338
2337
2339
2341
2342
2344
2348
2350
2352
2357
2361
2364
2369
2373
2377
2380
2385
2389
2393
2398
2403
2407
2413
2418
2423
2427
2434
2439
2443
2450
2455
2460
2466
2472
2477
2482
2489
2494
2499
2505
2511
2516
2522
2529
2534
2539
2546
2552
2558
2565
2572
2578
2584
2593
2599
2605
2614
2622
2630
2639
2648
2657
2665
2677
2686
2696
2708
2719
2729
2741
2754
2765
2775
2790
2803
2815
2830
2843
2856
2869
2884
2897
2909
2925
2939
2952
2966
2980
2992
3004
3019
3032
3043
3058
3070
3082
3095
3108
3119
3130
3144
3156
3166
3179
3191
3202
3214
3227
3238
3248
3261
3272
3282
3293
3304
3313
3322
3333
3342
3349
3358
3365
3372
3378
3385
3390
3394
3399
3402
3405
3407
3409
3410
3410
3409
3409
3408
3406
3404
3403
3401
3398
3396
3393
3391
3388
3385
3382
3379
3377
3374
3372
3369
3367
3365
3363
3360
3358
3356
3354
3353
3350
3348
3346
3344
3342
3340
3337
3334
3332
3328
3323
3319
3315
3309
3303
3298
3290
3283
3276
3268
3259
3251
3243
3233
3224
3216
3205
3194
3185
3175
3163
3152
3142
3130
3119
3109
3097
3086
3075
3065
3053
3043
3034
3023
3013
3004
2995
2985
2976
2967
2958
2949
2941
2933
2925
2917
2910
2903
2896
2890
2883
2877
2872
2866
2861
2856
2851
2846
2841
2836
2832
2828
2824
2820
2816
2812
2808
2804
2801
2797
2794
2790
2787
2784
2781
2779
2776
2773
2770
2768
2765
2762
2759
2756
2753
2749
2746
2744
2741
2738
2735
2733
2730
2728
2726
2724
2722
2720
2718
2717
2715
2713
2712
2710
2709
2708
2706
2706
2704
2703
2702
2702
2701
2700
2700
2699
2698
2698
2696
2696
2694
2693
2692
2690
2689
2687
2685
2684
2682
2680
2678
2675
2673
2670
2667
2664
2661
2658
2655
2652
2649
2646
2644
2642
2639
2637
2634
2632
2630
2628
2625
2624
2622
2620
2618
2616
2614
2612
2610
2608
2605
2603
2601
2599
2597
2594
2592
2590
2588
2586
2584
2582
2580
2578
2576
2573
2570
2568
2565
2563
2560
2557
2554
2552
2549
2546
2543
2540
2538
2535
2532
2530
2528
2526
2524
2522
2520
2519
2518
2517
2516
2516
2515
2515
2514
2514
2514
2513
2514
2513
2513
2513
2513
2513
2512
2512
2512
2511
2511
2511
2510
2510
2510
2510
2510
2511
2512
2513
2514
2515
2516
2517
2519
2521
2522
2526
2530
2532
2536
2540
2544
2547
2552
2556
2560
2565
2570
2574
2580
2585
2590
2595
2601
2606
2610
2616
2621
2626
2631
2636
2640
2643
2648
2652
2655
2659
2663
2666
2670
2673
2676
2679
2683
2685
2688
2691
2694
2696
2698
2700
2703
2705
2708
2710
2712
2714
2714
2715
2715
2713
2711
2710
2709
2707
2706
2705
2704
2704
2703
2703
2702
2701
2700
2700
2699
2698
2696
2695
2693
2692
2690
2689
2688
2686
2684
2683
2682
2681
2679
2678
2677
2675
2675
2674
2673
2673
2673
2673
2673
2674
2675
2675
2677
2678
2679
2680
2683
2685
2686
2690
2692
2694
2697
2700
2703
2705
2709
2712
2715
2719
2722
2726
2729
2733
2737
2740
2744
2748
2752
2756
2760
2764
2768
2773
2777
2780
2786
2791
2795
2800
2806
2810
2815
2821
2825
2829
2835
2840
2845
2850
2855
2859
2863
2868
2873
2876
2881
2885
2889
2893
2898
2901
2904
2909
2913
2916
2920
2923
2926
2929
2933
2935
2938
2942
2946
2949
2953
2957
2960
2964
2968
2971
2974
2978
2982
2985
2988
2991
2993
2996
2999
3001
3003
3005
3006
3007
3009
3009
3010
3010
3010
3010
3010
3009
3008
3007
3006
3004
3002
3001
2999
2996
2994
2992
2989
2987
2984
2982
2979
2976
2974
2971
2968
2965
2962
2960
2957
2954
2951
2948
2945
2941
2938
2935
2933
2930
2927
2924
2921
2919
2916
2913
2911
2908
2905
2902
2899
2896
2893
2890
2888
2885
2882
2879
2877
2875
2872
2870
2867
2865
2862
2860
2857
2855
2852
2850
2847
2845
2843
2841
2838
2836
2834
2833
2831
2829
2827
2825
2823
2821
2820
2818
2816
2814
2813
2811
2809
2807
2805
2804
2802
2801
2799
2797
2796
2794
2792
2791
2789
2788
2787
2786
2784
2783
2783
2782
2781
2781
2781
2780
2779
2780
2780
2780
2781
2781
2781
2782
2783
2784
2784
2786
2787
2788
2790
2792
2793
2795
2797
2800
2801
2805
2807
2810
2813
2817
2820
2823
2827
2830
2834
2838
2841
2844
2848
2852
2855
2857
2861
2865
2868
2871
2874
2877
2879
2883
2885
2887
2891
2893
2896
2899
2902
2905
2908
2911
2913
2915
2918
2920
2922
2925
2927
2929
2930
2933
2935
2937
2940
2942
2944
2946
2948
2950
2951
2953
2954
2954
2955
2956
2956
2957
2958
2959
2960
2961
2962
2962
2963
2962
2962
2962
2962
2962
2961
2961
2960
2959
2958
2956
2954
2952
2950
2948
2946
2943
2941
2938
2936
2934
2931
2929
2926
2923
2921
2918
2914
2911
2908
2905
2902
2899
2895
2892
2889
2885
2881
2878
2874
2871
2867
2864
2860
2856
2853
2849
2845
2841
2837
2833
2829
2826
2821
2816
2812
2807
2802
2798
2793
2788
2783
2779
2773
2768
2763
2758
2752
2747
2743
2738
2733
2728
2724
2720
2716
2712
2709
2705
2702
2699
2697
2696
2693
2691
2689
2686
2684
2682
2680
2677
2674
2672
2669
2666
2664
2660
2658
2655
2653
2650
2648
2646
2643
2640
2637
2635
2633
2631
2629
2627
2625
2623
2621
2620
2618
2616
2615
2614
2613
2612
2610
2609
2608
2607
2606
2605
2604
2602
2601
2600
2598
2597
2595
2595
2594
2593
2593
2593
2593
2593
2593
2593
2593
2595
2596
2596
2598
2599
2600
2601
2604
2605
2607
2610
2612
2614
2617
2620
2622
2624
2628
2630
2633
2636
2639
2642
2645
2648
2651
2653
2657
2660
2662
2666
2668
2670
2673
2676
2679
2681
2684
2686
2689
2692
2694
2696
2699
2701
2703
2705
2708
2711
2713
2715
2718
2720
2722
2724
2727
2728
2731
2733
2735
2738
2740
2742
2744
2746
2748
2750
2752
2753
2755
2756
2758
2759
2760
2763
2764
2766
2767
2768
2769
2770
2772
2773
2774
2776
2777
2778
2779
2779
2780
2781
2782
2783
2783
2785
2785
2787
2788
2789
2789
2790
2791
2792
2792
2793
2794
2795
2795
2796
2797
2797
2797
2797
2797
2797
2796
2795
2795
2794
2794
2793
2793
2793
2793
2793
2793
2793
2793
2793
2794
2794
2794
2795
2795
2795
2796
2796
2796
2797
2798
2798
2799
2799
2800
2801
2801
2802
2802
2802
2802
2802
2802
2802
2802
2803
2803
2803
2803
2803
2803
2803
2803
2803
2803
2802
2803
2803
2802
2803
2803
2803
2803
2804
2803
2804
2804
2804
2804
2805
2805
2805
2805
2806
2806
2806
2806
2806
2805
2805
2805
2805
2804
2803
2802
2801
2800
2799
2798
2797
2795
2793
2792
2791
2789
2788
2787
2786
2785
2784
2783
2782
2781
2781
2780
2779
2779
2778
2778
2778
2778
2778
2778
2779
2779
2779
2779
2780
2780
2780
2780
2780
2780
2780
2780
2780
2781
2780
2780
2780
2780
2780
2779
2780
2780
2780
2780
2780
2780
2780
2781
2781
2781
2781
2782
2782
2782
2782
2783
2783
2784
2785
2785
2787
2788
2789
2790
2791
2792
2793
2795
2796
2797
2799
2800
2802
2803
2804
2805
2806
2807
2808
2808
2809
2810
2811
2812
2813
2814
2815
2816
2817
2817
2818
2819
2820
2820
2822
2823
2825
2826
2827
2829
2830
2832
2834
2836
2838
2839
2841
2843
2846
2848
2849
2851
2852
2853
2854
2854
2855
2855
2855
2854
2854
2854
2855
2854
2854
2854
2853
2853
2853
2852
2851
2850
2849
2848
2848
2847
2846
2845
2845
2844
2843
2842
2841
2840
2836
2834
2830
2828
2827
2825
2824
2824
2823
2823
2823
2823
2823
2824
2824
2824
2824
2825
2825
2825
2825
2825
2825
2825
2825
2825
2825
2825
2824
2824
2824
2824
2824
2824
2824
2824
2824
2824
2825
2825
2825
2826
2826
2826
2828
2829
2829
2830
2832
2833
2834
2837
2839
2841
2844
2847
2849
2852
2856
2859
2862
2867
2870
2874
2878
2882
2885
2889
2893
2897
2899
2904
2907
2911
2914
2918
2921
2924
2928
2930
2933
2936
2938
2939
2941
2942
2943
2944
2945
2945
2945
2944
2943
2942
2941
2940
2939
2937
2935
2933
2932
2929
2926
