2156
2160
2166
2171
2175
2180
2184
2188
2191
2195
2198
2201
2205
2208
2210
2213
2216
2219
2221
2225
2229
2231
2236
2240
2243
2247
2251
2254
2257
2262
2266
2269
2273
2277
2280
2282
2286
2288
2290
2293
2296
2298
2302
2306
2309
2311
2317
2321
2324
2329
2334
2338
2343
2350
2355
2360
2368
2374
2379
2387
2395
2402
2409
2418
2425
2432
2442
2450
2457
2465
2475
2483
2490
2501
2510
2518
2528
2538
2547
2555
2565
2573
2580
2589
2597
2604
2611
2618
2625
2631
2638
2644
2649
2656
2662
2668
2675
2683
2690
2697
2707
2715
2723
2735
2745
2755
2767
2780
2792
2804
2822
2837
2850
2870
2888
2905
2924
2947
2967
2985
3010
3031
3051
3073
3095
3114
3133
3154
3171
3187
3207
3224
3239
3256
3274
3289
3304
3323
3340
3354
3375
3394
3411
3432
3455
3475
3495
3523
2791
2792
2792
2792
2791
2792
2792
2792
2792
2792
2792
2792
2793
2792
2793
2793
2794
2794
2794
2795
2795
2795
2795
2795
2795
2796
2796
2796
2796
2796
2796
2796
2797
2797
2797
2797
2797
2797
2798
2798
2798
2797
2797
2797
2796
2796
2796
2796
2795
2796
2795
2795
2796
2796
2796
2796
2796
2796
2796
2796
2796
2796
2797
2796
2796
2796
2796
2796
2796
2796
2796
2796
2797
2797
2797
2797
2797
2797
2797
2797
2796
2796
2796
2795
2794
2794
2794
2794
2794
2794
2794
2794
2794
2794
2794
2794
2794
2794
2794
2795
2795
2795
2795
2795
2795
2795
2796
2796
2796
2796
2796
2796
2796
2796
2796
2796
2796
2796
2796
2797
2796
2796
2796
2796
2796
2795
2795
2794
2794
2794
2794
2793
2793
2794
2794
2794
2794
2794
2794
2795
2795
2795
2795
2796
2796
2796
2797
2796
2796
2797
2797
2796
2796
2796
2796
2796
2796
2796
2796
2796
2796
2795
2795
2795
2795
2794
2794
2793
2793
2793
2793
2793
2792
2792
2792
2792
2792
2791
2791
2790
2791
2790
2790
2790
2789
2789
2788
2788
2787
2786
2787
2786
2786
2786
2787
2787
2787
2787
2787
2787
2787
2787
2788
2788
2788
2788
2788
2789
2789
2789
2789
2790
2790
2790
2790
2790
2790
2790
2790
2790
2791
2791
2791
2791
2791
2791
2791
2791
2791
2790
2790
2790
2790
2790
2790
2790
2790
2790
2790
2791
2791
2791
2791
2791
2792
2792
2792
2792
2792
2792
2793
2793
2793
2793
2794
2794
2795
2795
2796
2796
2797
2797
2797
2796
2797
2797
2797
2797
2797
2797
2797
2798
2798
2798
2799
2799
2799
2799
2799
2798
2798
2798
2797
2797
2797
2797
2797
2797
2796
2796
2795
2795
2795
2794
2795
2794
2794
2794
2794
2794
2794
2795
2795
2795
2795
2795
2795
2795
2795
2795
2794
2795
2794
2794
2794
2793
2793
2792
2792
2791
2791
2790
2790
2790
2789
2789
2789
2788
2789
2789
2788
2789
2788
2788
2788
2788
2788
2787
2788
2787
2787
2788
2788
2787
2787
2788
2788
2788
2789
2789
2789
2790
2789
2790
2790
2790
2790
2790
2790
2790
2789
2789
2789
2789
2788
2788
2788
2787
2788
2787
2787
2787
2787
2788
2788
2789
2789
2789
2789
2790
2790
2790
2790
2790
2790
2790
2790
2790
2790
2790
2790
2790
2790
2790
2790
2790
2790
2791
2791
2791
2790
2790
2790
2789
2788
2788
2788
2787
2787
2787
2786
2786
2786
2786
2786
2786
2786
2786
2786
2786
2786
2786
2787
2787
2787
2787
2788
2787
2787
2788
2788
2788
2789
2788
2788
2789
2789
2788
2788
2788
2788
2788
2788
2788
2787
2787
2787
2788
2787
2788
2788
2788
2789
2789
2789
2789
2790
2790
2790
2791
2791
2791
2791
2791
2791
2791
2791
2791
2790
2791
2790
2790
2790
2791
2791
2791
2791
2792
2792
2792
2792
2792
2792
2793
2793
2792
2793
2793
2793
2794
2794
2794
2794
2795
2796
2796
2799
2801
2803
2808
2813
2818
2823
2833
2841
2848
2860
2871
2880
2890
2901
2910
2919
2928
2936
2943
2949
2953
2957
2958
2957
2955
2953
2946
2940
2934
2926
2916
2908
2899
2888
2878
2868
2856
2844
2834
2822
2809
2798
2786
2773
2760
2749
2735
2722
2709
2696
2682
2670
2658
2645
2633
2622
2610
2599
2589
2578
2567
2557
2547
2534
2522
2511
2497
2483
2470
2457
2441
2427
2414
2397
2382
2368
2352
2335
2321
2306
2289
2274
2261
2245
2231
2219
2207
2195
2185
2175
2167
2160
2154
2149
2145
2141
2139
2138
2137
2136
2138
2140
2141
2145
2149
2153
2157
2164
2168
2172
2177
2180
2183
2184
2184
2184
2182
2179
2175
2171
2166
2159
2154
2147
2139
2132
2125
2117
2110
2103
2098
2092
2088
2084
2082
2079
2077
2078
2079
2079
2082
2086
2088
2092
2098
2103
2106
2113
2119
2123
2129
2135
2140
2145
2151
