[PREW 662 count_idx:4, count_value:19322]
1370
1369
1369
1369
1368
1368
1368
1369
1367
1367
1368
1369
1368
1368
1368
1368
1367
1367
1367
1367
1367
1369
1367
1368
1367
1366
1368
1367
1368
1367
1368
1368
1367
1368
1368
1369
1368
1368
1368
1367
1369
1367
1367
1368
1367
1367
1367
1367
1367
1366
1366
1366
1366
1366
1367
1365
1366
1366
1366
1367
1365
1367
1365
1366
1367
1366
1366
1365
1366
1366
1365
1366
1366
1365
1367
1366
1367
1367
1368
1369
1368
1369
1367
1369
1368
1368
1368
1367
1368
1367
1367
1366
1366
1367
1367
1367
1367
1366
1367
1366
1367
1365
1366
1367
1366
1366
1366
1366
1367
1367
1367
1366
1368
1368
1367
1368
1368
1369
1368
1368
1368
1368
1369
1368
1370
1369
1368
1368
1368
1368
1368
1368
1368
1368
1369
1369
1368
1369
1367
1369
1368
1367
1368
1368
1369
1367
1369
1369
1368
1370
1369
1370
1370
1370
1370
1370
1370
1368
1370
1369
1369
1370
1370
1371
1370
1370
1370
1369
1371
1369
1371
1369
1370
1372
1370
1370
1370
1371
1370
1370
1371
1370
1371
1371
1369
1371
1370
1371
1370
1371
1371
1372
1372
1372
1373
1372
1372
1372
1372
1372
1372
1372
1373
1373
1372
1372
1373
1372
1373
1372
1372
1373
1372
1373
1374
1374
1377
1368
1380
1366
1380
1367
1378
1371
1376
1373
1371
1372
1377
1370
1380
1367
1379
1369
1375
1371
1371
1372
1371
1373
1370
1371
1368
1373
1370
1374
1370
1373
1370
1373
1369
1374
1371
1371
1372
1370
1373
1371
1370
1372
1369
1374
1369
1373
1370
1371
1369
1370
1370
1371
1368
1372
1370
1371
1371
1369
1371
1370
1373
1370
1370
1370
1371
1372
1370
1371
1370
1371
1371
1372
1371
1371
1371
1370
1371
1372
1371
1370
1370
1369
1370
1371
1371
1371
1370
1370
1371
1370
1371
1369
1371
1372
1370
1371
1369
1372
1371
1372
1372
1370
1371
1371
1371
1372
1370
1371
1369
1371
1370
1370
1370
1369
1370
1370
1370
1370
1370
1370
1370
1370
1370
1369
1370
1369
1370
1370
1369
1370
1369
1371
1370
1371
1369
1369
1370
1370
1370
1370
1369
1370
1371
1369
1369
1368
1368
1369
1369
1368
1368
1366
1369
1368
1368
1367
1367
1369
1368
1368
1368
1367
1367
1368
1367
1368
1366
1366
1367
1367
1368
1366
1366
1367
1367
1366
1366
1366
1366
1367
1366
1367
1366
1367
1367
1367
1367
1366
1368
1367
1368
1368
1367
1369
1367
1368
1368
1368
1368
1367
1368
1369
1369
1368
1368
1368
1368
1368
1369
1367
1369
1368
1370
1369
1369
1369
1369
1369
1370
1369
1369
1369
1370
1370
1370
1369
1370
1369
1369
1370
1369
1370
1370
1369
1371
1368
1370
1370
1370
1370
1369
1371
1370
1370
1371
1370
1371
1369
1370
1370
1370
1371
1370
1370
1370
1369
1370
1370
1369
1369
1368
1370
1369
1369
1369
1368
1369
1370
1370
1369
1368
1369
1370
1369
1369
1369
1369
1370
1370
1370
1369
1370
1371
1370
1371
1371
1370
1372
1371
1370
1370
1371
1371
1370
1370
1370
1369
1371
1370
1370
1369
1368
1370
1369
1369
1368
1369
1370
1370
1370
1369
1370
1370
1369
1370
1369
1369
1369
1370
1370
1370
1369
1370
1370
1370
1369
1370
1370
1371
1370
1369
1370
1370
1369
1370
1369
1370
1369
1370
1368
1369
1370
1369
1370
1368
1369
1369
1369
1369
1368
1369
1369
1369
1370
1369
1369
1370
1371
1369
1369
1369
1370
1370
1369
1368
1369
1369
1369
1369
1368
1369
1369
1369
1368
1369
1368
1369
1369
1369
1369
1370
1370
1369
1370
1370
1370
1370
1367
1369
1368
1369
1369
1367
1369
1369
1369
1369
1367
1368
1368
1369
1369
1367
1368
1367
1367
1368
1368
1368
1368
1368
1368
1368
1368
1368
1367
1367
1369
1368
1368
1367
1369
1368
1369
1368
1367
1368
1368
1369
1369
1368
1366
1377
1375
1368
1299
1341
1326
1245
1074
629
804
1188
1537
1371
1369
1369
1368
1369
1369
1368
1367
1367
1369
1368
1368
1368
1368
1370
1370
1369
1369
1369
1370
1369
1370
1368
1368
1369
1368
1368
1368
1367
1368
1367
1368
1367
1367
1368
1367
1368
1367
1367
1367
1367
1367
1367
1367
1367
1367
1368
1369
1368
1368
1369
1369
1368
1369
1369
1369
1368
1368
1369
1370
1370
1368
1369
1369
1369
1370
1368
1369
1369
1370
1370
1368
1369
1368
1370
1370
1368
1369
1368
1369
1369
1368
1369
1368
1369
1369
1368
1368
1368
1368
1368
1369
1368
1368
1369
1369
1369
1369
1369
1369
1369
1368
1369
1369
1369
1368
1369
1369
1369
1369
1369
1369
1369
1368
1368
1369
1369
1368
1369
1369
1368
1368
1368
1369
1369
1369
1369
1369
1370
1369
1369
1369
1369
1370
1369
1370
1369
1369
[POSTW]
2265
2434
2339
2845
2318
2157
2505
1641
2358
2526
1708
2382
1086
2717
1449
2287
2540
1283
2676
1513
3190
1922
2795
1835
2249
2235
1147
2263
1262
2709
2208
1866
2850
1019
1562
992
521
1348
23
1924
38
1486
975
1158
1207
861
974
1135
1034
521
1118
113
660
518
394
961
809
905
1263
842
1137
1088
742
973
165
1245
17
552
458
71
700
54
556
672
378
1067
717
856
802
905
573
357
917
229
846
605
631
676
366
337
818
488
770
1016
615
810
407
604
804
828
902
1262
1216
1104
1033
1201
901
906
918
1111
1030
1327
957
1149
1136
1262
899
1210
1497
1492
1239
1637
1391
1060
1424
951
1385
1123
1127
1508
1236
1201
1379
1274
1685
1482
1713
1360
1730
1592
1686
1569
1728
1334
1370
895
1724
987
1461
1149
1806
1551
1646
2354
1668
2337
2041
2089
2124
2150
2167
1894
2284
2125
2252
2023
2000
1811
2169
1878
2139
1691
2048
2021
1967
1923
2178
1876
2057
1813
1853
1771
1616
1799
1571
1610
1309
1329
1543
1229
1333
1265
1316
1444
991
1574
1337
1496
1531
1446
1848
1453
1714
1638
1482
1586
1430
1670
1353
1721
1176
1322
1324
1230
1523
1195
1421
1333
1165
1337
1141
1144
1393
1341
1542
1639
1558
1949
1651
1628
2331
2089
1294
2331
1375
2186
1543
1526
1505
844
2451
620
1575
1743
645
2268
1110
1921
1443
1937
1915
1551
1916
1169
1307
880
366
1587
621
1162
903
1245
1095
1077
992
840
778
1025
741
1092
696
727
771
387
1075
307
869
673
603
871
531
1005
692
723
905
950
1159
1076
1079
1537
1046
1375
1091
1294
1662
1514
1832
1545
1819
1729
1561
1854
1538
1673
1740
1811
2015
1943
2024
1946
2029
2143
2059
2217
2050
2048
1941
1850
1807
1769
1657
1568
1463
1371
1280
1279
1191
1149
1114
1184
1200
1235
1215
1196
1183
1072
973
957
870
906
903
897
870
854
976
865
893
940
865
1018
949
1121
1080
1083
1140
1034
1165
1018
1128
1098
1146
1218
1192
1275
1256
1275
1316
1262
1268
1262
1268
1305
1290
1290
1317
1325
1371
1447
1491
1590
1627
1768
1821
1880
1997
1947
1956
1904
1856
1807
1763
1733
1729
1716
1712
1676
1645
1687
1618
1703
1678
1632
1641
1610
1629
1604
1610
1656
1587
1633
1567
1546
1495
1425
1398
1328
1294
1195
1215
1153
1204
1179
1127
1103
1027
1083
1052
1139
1188
1069
1249
1077
1124
1183
1113
1195
1022
1224
1149
907
1364
799
1275
955
1049
1216
998
1288
1138
1239
1127
1350
1185
1237
1306
1193
1381
1262
1402
1341
1441
1325
1446
1485
1350
1419
1459
1317
1573
1383
1572
1420
1517
1534
1437
1458
1338
1466
1458
1435
1426
1513
1431
1453
1432
1439
1458
1421
1474
1452
1395
1503
1389
1332
1493
1342
1481
1370
1380
1388
1374
1442
1424
1422
1429
1421
1387
1364
1374
1405
1236
1363
1317
1199
1263
1289
1275
1375
1332
1426
1378
1405
1452
1474
1633
1578
1576
1689
1647
1668
1643
1680
1551
1559
1640
1631
1609
1658
1614
1584
1517
1597
1491
1577
1538
1503
1595
1502
1535
1506
1454
1426
1289
1304
1312
1228
1334
1260
1267
1234
1181
1211
1143
1164
1134
1136
1129
1079
1127
1092
1100
1033
1077
1095
1081
1120
1099
1134
1095
1141
1109
1114
1142
1137
1185
1227
1247
1252
1256
1224
1284
1327
1370
1361
1417
1417
1451
1434
1420
1450
1471
1477
1507
1525
1524
1558
1548
1609
1582
1559
1550
1528
1507
1483
1492
1513
1461
1469
1500
1428
1485
1429
1455
1461
1429
1402
1358
1334
1305
1243
1245
1178
1192
1134
1104
1152
1051
1135
1107
1183
1120
1219
1152
1229
1247
1199
1330
1203
1289
1225
1237
1239
1175
1254
1207
1260
1252
1266
1297
1278
1354
1376
1412
1460
1489
1516
1553
1600
1600
1606
1646
1613
1666
1654
1648
1652
1639
1682
1637
1650
1634
1608
1606
1587
1601
1579
1600
1599
1556
1574
1551
1521
1522
1495
1507
1441
1409
1419
1348
1353
1276
1269
1225
1197
1180
1167
1130
1144
1153
1156
1169
1187
1195
1191
1188
1214
1233
1242
1245
1261
1270
1261
1293
1271
1303
1308
1311
1359
1341
1382
1375
1407
1405
1411
1420
1418
1416
1422
1459
1458
1473
1469
1469
1457
1458
1465
1462
1456
1423
1418
1368
1362
1322
1291
1266
1232
1240
1223
1227
1251
1239
1272
1286
1333
1363
1374
1394
1409
1423
1417
1437
1433
1414
1414
1388
1397
1385
1377
1397
1379
1381
1365
1372
1381
1367
1390
1370
1370
1363
1366
1378
1361
1380
1362
1371
1363
1367
1373
1384
1379
1389
1366
1346
1346
1315
1307
1306
1290
1330
1286
1319
1298
1274
1314
1280
1333
1323
1349
1388
1357
1398
1355
1371
1362
1346
1353
1347
1345
1326
1290
1259
1245
1242
1242
1234
1254
1248
1286
1276
1272
1298
1274
1285
1288
1303
1298
1305
1288
1308
1285
1290
1271
1255
1253
1242
1253
1237
1260
1277
1283
1286
1307
1315
1333
1315
1338
1355
1350
1404
1383
1405
1430
1420
1448
1430
1455
1444
1439
1442
1416
1445
1441
1437
1442
1413
1453
1443
1461
1466
1456
1453
1439
1445
1417
1429
1410
1422
1421
1419
1430
1409
1426
1418
1435
1437
1436
1424
1412
1430
1405
1407
1408
1402
1412
1392
1404
1403
1407
1405
1403
1411
1419
1408
1425
1416
1404
1428
1411
1421
1396
1377
1365
1339
1321
1305
1293
1288
1277
1247
1277
1266
1275
1290
1279
1284
1280
1264
1283
1277
1285
1303
1291
1306
1282
1308
1311
1314
1355
1348
1354
1384
1373
1432
1400
1437
1453
1449
1500
1480
1520
1496
1517
1519
1540
1537
1542
1550
1532
1546
1508
1513
1501
1484
1477
1458
1495
1448
1455
1429
1377
1355
1332
1312
1311
1272
1270
1265
1245
1271
1253
1249
1259
1242
1259
1249
1279
1262
1265
1270
1233
1223
1185
1191
1149
1187
1172
1201
1232
1243
1285
1315
1341
1348
1333
1341
1345
1346
1350
1345
1359
1355
1359
1352
1350
1346
1352
1332
1335
1345
1335
1340
1330
1313
1327
1311
1317
1329
1317
1332
1322
1342
1331
1333
1342
1340
1325
1349
1344
1360
1357
1362
1383
1393
1413
1421
1437
1442
1450
1443
1446
1443
1449
1442
1459
1439
1435
1445
1444
1447
1454
1462
1469
1484
1496
1500
1503
1488
1495
1479
1472
1450
1441
1457
1441
1453
1438
1439
1430
1428
1430
1440
1449
1456
1457
1448
1459
1454
1440
1444
1420
1412
1386
1383
1372
1366
1365
1345
1365
1344
1349
1331
1323
1334
1322
1341
1343
1341
1342
1334
1345
1339
1327
1348
1321
1344
1321
1322
1311
1273
1292
1259
1263
1254
1266
1278
1263
1287
1265
1286
1298
1272
1316
1278
1307
1313
1296
1342
1315
1347
1359
1357
1397
1391
1411
1431
1426
1439
1457
1455
1479
1468
1491
1487
1481
1505
1502
1509
1524
1528
1537
1526
1531
1542
1521
1548
1542
1538
1547
1516
1529
1511
1498
1494
1466
1459
1447
1430
1433
1427
1421
1418
1391
1387
1382
1361
1363
1348
1339
1332
1307
1302
1285
1283
1271
1271
1256
1268
1242
1256
1243
1242
1248
1225
1254
1240
1250
1251
1257
1275
1270
1280
1279
1282
1288
1285
1290
1309
1298
1310
1308
1304
1307
1310
1330
1329
1342
1351
1352
1362
1356
1364
1373
1370
1402
1389
1407
1408
1402
1412
1404
1424
1410
1418
1409
1405
1409
1413
1403
1411
1403
1397
1399
1380
1389
1352
1362
1361
1347
1349
1331
1329
1324
1325
1324
1319
1317
1310
1299
1303
1299
1295
1293
1280
1279
1275
1273
1278
1278
1277
1278
1274
1277
1273
1285
1290
1302
1302
1302
1310
1310
1327
1328
1334
1327
1321
1329
1321
1341
1342
1353
1361
1356
1376
1385
1399
1418
1417
1431
1429
1435
1445
1441
1441
1450
1442
1440
1437
1433
1428
1417
1425
1409
1402
1403
1399
1399
1397
1398
1390
1383
1376
1377
1375
1371
1367
1364
1367
1357
1365
1354
1360
1356
1358
1360
1356
1360
1351
1332
1339
1328
1323
1323
1306
1308
1302
1296
1314
1304
1303
1302
1303
1313
1308
1322
1328
1335
1338
1342
1342
1342
1331
1343
1332
1335
1340
1331
1343
1346
1356
1350
1351
1362
1359
1377
1378
1390
1393
1383
1397
1385
1394
1381
1389
1382
1378
1380
1370
1373
1370
1366
1376
1369
1363
1364
1350
1356
1345
1350
1337
1334
1337
1342
1332
1339
1343
1340
1348
1343
1361
1361
1360
1363
1364
1364
1361
1352
1356
1359
1358
1367
1363
1368
1365
1363
1366
1364
1360
1365
1365
1364
1365
1353
1367
1356
1357
1359
1358
1357
1354
1352
1351
1353
1348
1352
1354
1356
1357
1357
1358
1357
1358
1362
1356
1358
1360
1370
1360
1376
1373
1380
1383
1376
1387
1368
1374
1368
1359
1372
1354
1362
1352
1346
1358
1341
1356
1359
1355
1362
1357
1356
1355
1342
1356
1357
1356
1359
1362
1358
1353
1362
1358
1361
1355
1363
1367
1373
1379
1381
1398
1400
1399
1417
1418
1431
1430
1441
1454
1441
1449
1439
1446
1451
1452
1469
1461
1465
1471
1448
1466
1456
1456
1455
1443
1445
1430
1427
1424
1411
1413
1412
1396
1399
1392
1384
1376
1370
1360
1346
1347
1342
1338
1341
1333
1325
1327
1312
1322
1318
1322
1326
1326
1338
1320
1351
1335
1340
1340
1337
1341
1335
1350
1342
1344
1348
1350
1355
1360
1362
1363
1366
1366
1362
1368
1360
1368
1358
1359
1358
1359
1360
1360
1366
1362
1373
1376
1378
1379
1373
1380
1381
1387
1388
1394
1390
1399
1391
1399
1402
1406
1405
1403
1417
1415
1415
1417
1416
1416
1413
1413
1418
1407
1410
1404
1391
1396
1385
1388
1380
1377
1374
1366
1370
1361
1367
1352
1349
1348
1337
1333
1325
1319
1323
1315
1314
1321
1311
1308
1305
1309
1307
1306
1306
1309
1309
1308
1313
1311
1307
1304
1306
1310
1315
1311
1320
1318
1316
1321
1325
1333
1337
1341
1346
1353
1351
1356
1360
1363
1362
1363
1363
1366
1364
1367
1373
1372
1371
1365
1362
1367
1363
1354
1353
1350
1356
1347
1351
1350
1355
1346
1345
1350
1340
1344
1345
1343
1349
1349
1343
1347
1344
1346
1345
1349
1348
1351
1354
1358
1357
1359
1362
1364
1371
1371
1382
1383
1392
1393
1389
1399
1391
1394
1393
1400
1410
1408
1403
1400
1402
1401
1410
1409
1421
1420
1427
1423
1428
1428
1441
1444
1440
1450
1445
1454
1452
1443
1447
1438
1438
1428
1426
1425
1416
1410
1394
1397
1387
1373
1384
1367
1365
1363
1350
1356
1345
1346
1339
1339
1322
1320
1311
