1625
1539
1887
1832
2307
2446
1680
2368
496
1225
2581
1747
2626
2411
2602
1864
2442
1413
1374
1881
1766
2175
2138
2634
2385
2170
1632
1586
1575
1772
1363
2009
1744
1764
2237
1543
1831
1862
1290
1279
1099
802
675
1224
1546
1160
1618
833
548
985
1226
1300
1304
1332
1119
1357
1202
1296
1531
1108
1412
814
744
1574
1232
1132
935
512
728
950
388
670
1117
489
982
832
522
917
268
104
1102
431
669
1123
167
710
313
364
394
397
479
423
1100
669
1286
965
945
858
485
819
897
849
1188
1393
1107
1397
1470
1189
1176
1637
1349
1437
1808
1283
1447
1118
1420
1451
1261
1382
1551
1710
1739
1416
1648
1609
2134
1581
1498
2331
1502
1868
1876
1571
2550
1396
1938
1809
1784
1818
983
1294
1133
833
1314
925
1188
1286
1172
1821
1153
968
984
1171
1479
1005
1369
1732
1514
1814
1617
1938
1532
1525
1836
1283
1553
1323
1193
1400
1226
1324
1213
1255
1446
1420
1076
1031
1372
964
1347
1237
908
1379
941
1167
1272
1252
1194
1259
1321
1219
1303
1266
1440
1239
1432
1293
1463
1319
1613
1327
1506
1619
1515
1510
1599
1660
1512
1793
1746
1850
1736
1723
1759
1669
1752
1470
2002
1809
1631
1725
1353
1471
1483
1529
1752
1499
1559
1655
1524
1706
1648
1663
1753
1622
1651
1597
1674
1825
1700
1849
1676
1603
1692
1521
1681
1482
1480
1503
1431
1567
1272
1418
1489
1184
1514
1258
1382
1546
1428
1704
1617
1583
1648
1557
1499
1444
1493
1528
1491
1434
1317
1243
1291
1276
1284
1256
1267
1301
1358
1351
1439
1412
1282
1463
1063
1540
1088
1185
1050
587
1064
702
936
1045
755
1048
783
702
893
529
845
646
714
888
606
1138
844
834
975
703
980
941
1019
1312
1056
1246
1492
1443
1555
1451
2914
1080
1917
1925
1130
2015
1775
1855
5
2818
148
2102
1576
1197
2313
1505
2171
1108
1507
2824
591
2339
1537
1038
1974
652
2155
918
1224
1933
802
1923
1344
1176
1870
953
1796
1768
1199
2138
1283
2169
1965
1160
2198
1162
1653
1437
1099
1792
676
1263
1040
763
944
859
1082
841
988
1107
1127
1270
1262
1234
1283
1412
1305
1351
1591
1381
1443
1304
1170
1299
1053
1259
1204
1331
1528
1323
1570
1376
1524
1634
1445
1737
1514
1533
1474
1269
1457
1196
1297
1282
1182
1237
1164
1373
1304
1376
1467
1433
1516
1502
1500
1604
1584
1611
1591
1629
1554
1604
1664
1738
1734
1701
1671
1722
1630
1774
1663
1558
1645
1436
1471
1414
1372
1325
1285
1257
1143
1175
1187
1169
1170
1250
1223
1288
1303
1334
1243
1200
1250
1083
1142
1057
1066
1195
1186
1279
1304
1326
1381
1357
1377
1396
1502
1586
1461
1447
1354
1380
1351
1407
1401
1368
1425
1269
1274
1292
1221
1289
1264
1225
1198
1228
1250
1272
1273
1312
1360
1309
1333
1312
1391
1391
1301
1372
1333
1333
1318
1361
1378
1392
1457
1475
1472
1484
1403
1396
1397
1403
1417
1380
1371
1362
1393
1311
1399
1423
1381
1424
1362
1359
1420
1443
1445
1530
1517
1530
1535
1559
1549
1465
1576
1497
1532
1500
1437
1471
1390
1389
1361
1367
1335
1343
1360
1374
1381
1397
1447
1418
1432
1416
1389
1471
1392
1440
1415
1409
1447
1413
1401
1378
1376
1367
1368
1364
1341
1358
1381
1392
1430
1451
1443
1477
1414
1476
1437
1466
1510
1437
1512
1446
1469
1443
1389
1418
1331
1405
1339
1370
1363
1326
1392
1308
1351
1338
1339
1339
1332
1336
1325
1355
1364
1378
1404
1419
1415
1392
1394
1341
1349
1358
1293
1310
1254
1242
1263
1213
1261
1225
1238
1277
1223
1271
1221
1216
1245
1197
1240
1238
1205
1196
1229
1137
1298
1235
1243
1294
1135
1289
1228
1238
1287
1166
1255
1179
1177
1291
1202
1290
1239
1261
1344
1246
1411
1316
1372
1406
1308
1483
1333
1457
1487
1358
1456
1407
1452
1460
1406
1454
1410
1415
1444
1446
1437
1426
1412
1456
1410
1473
1494
1473
1505
1460
1474
1445
1471
1491
1438
1435
1419
1424
1431
1443
1445
1419
1436
1418
1434
1434
1416
1438
1394
1373
1393
1360
1396
1371
1377
1404
1371
1418
1385
1381
1392
1390
1406
1373
1392
1376
1350
1347
1324
1348
1334
1324
1338
1341
1347
1374
1360
1369
1370
1371
1365
1352
1366
1346
1338
1341
1318
1296
1311
1287
1286
1266
1250
1302
1292
1300
1326
1340
1359
1361
1375
1405
1399
1395
1427
1397
1385
1370
1377
1373
1360
1349
1374
1375
1383
1396
1403
1419
1420
1403
1414
1394
1360
1371
1341
1343
1334
1339
1340
1340
1323
1369
1367
1336
1394
1314
1362
1318
1325
1330
1280
1332
1299
1306
1310
1301
1310
1322
1321
1325
1322
1298
1308
1301
1317
1332
1316
1345
1320
1318
1330
1318
1348
1325
1335
1340
1290
1321
1299
1300
1335
1310
1325
1345
1348
1353
1351
1345
1369
1362
1374
1355
1351
1345
1346
1332
1328
1339
1335
1332
1337
1323
1346
1380
1356
1402
1357
1394
1390
1378
1406
1386
1424
1411
1437
1440
1407
1441
1407
1408
1422
1365
1415
1337
1377
1368
1350
1402
1350
1411
1387
1409
1408
1424
1444
1417
1437
1429
1420
1420
1415
1409
1420
1400
1416
1415
1413
1438
1396
1413
1397
1385
1397
1381
1390
1368
1382
1371
1377
1397
1408
1423
1433
1447
1455
1473
1458
1469
1456
1455
1462
1437
1435
1410
1415
1420
1403
1418
1407
1399
1404
1393
1417
1401
1426
1413
1404
1395
1418
1419
1401
1405
1397
1422
1380
1393
1378
1384
1391
1369
1381
1383
1356
1361
1374
1357
1378
1346
1364
1343
1331
1341
1324
1354
1338
1362
1348
1335
1342
1327
1335
1341
1330
1336
1334
1321
1312
1313
1314
1297
1287
1293
1273
1271
1274
1268
1274
1268
1285
1281
1262
1274
1265
1285
1287
1273
1302
1293
1309
1313
1287
1309
1292
1309
1341
1334
1344
1341
1347
1343
1343
1365
1354
1365
1358
1374
1377
1386
1392
1411
1418
1419
1413
1430
1433
1415
1425
1428
1442
1425
1414
1422
1398
1422
1420
1414
1434
1415
1419
1420
1445
1448
1472
1475
1477
1492
1481
1483
1487
1489
1485
1474
1466
1477
1441
1450
1448
1438
1451
1428
1434
1431
1413
1417
1424
1395
1410
1407
1413
1407
1405
1412
1401
1404
1388
1378
1356
1366
1359
1350
1345
1352
1348
1338
1342
1328
1337
1341
1349
1340
1320
1330
1326
1329
1314
1332
1332
1322
1317
1300
1312
1310
1301
1314
1315
1336
1331
1345
1362
1369
1379
1379
1383
1386
1396
1393
1406
1406
1395
1379
1386
1395
1393
1413
1405
1422
1407
1402
1413
1405
1408
1401
1383
1386
1382
1384
1383
1387
1379
1378
1383
1392
1399
1402
1407
1413
1410
1407
1406
1404
1386
1392
1396
1384
1384
1369
1360
1373
1379
1384
1375
1369
1372
1342
1357
1339
1339
1363
1329
1363
1358
1348
1373
1346
1356
1349
1341
1351
1353
1362
1362
1366
1378
1368
1367
1355
1377
1361
1362
1372
1363
1363
1350
1351
1351
1351
1350
1349
1360
1363
1383
1372
1378
1394
1372
1385
1385
1389
1395
1382
1418
1383
1402
1399
1397
1413
1393
1420
1409
1416
1425
1413
1407
1412
1399
1396
1387
1380
1376
1374
1383
1361
1355
1344
1341
1339
1335
1344
1343
1340
1343
1342
1334
1329
1321
1319
1321
1331
1333
1321
1315
1304
1296
1299
1291
1296
1292
1277
1292
1286
1306
1312
1320
1335
1332
1354
1349
1357
1383
1374
1394
1378
1385
1397
1387
1403
1390
1409
1412
1405
1411
1397
1415
1418
1409
1416
1408
1403
1404
1412
1413
1395
1401
1389
1386
1390
1391
1390
1389
1381
1383
1370
1358
1362
1360
1345
1342
1331
1335
1339
1327
1331
1323
1331
1331
1319
1343
1317
1328
1343
1336
1336
1337
1342
1333
1353
1341
1335
1340
1330
1324
1324
1315
1335
1331
1338
1322
1335
1330
1325
1348
1346
1356
1357
1347
1353
1363
1355
1362
1364
1369
1354
1354
1361
1357
1365
1377
1371
1378
1381
1383
1387
1393
1403
1392
1403
1387
1395
1394
1393
1401
1390
1388
1393
1389
1397
1403
1413
1416
1412
1408
1401
1388
1391
1383
1387
1390
1375
1382
1371
1368
1354
1356
1344
1344
1345
1339
1349
1345
1334
1343
1333
1338
1339
1335
1339
1354
1340
1352
1352
1350
1355
1360
1368
1363
1368
1376
1374
1381
1380
1387
1384
1381
1381
1372
1391
1375
1390
1380
1365
1377
1362
1370
1362
1367
1377
1377
1376
1380
1380
1387
1378
1393
1380
1378
1375
1363
1373
1347
1351
1356
1344
1358
1340
1342
1338
1333
1331
1315
1320
1315
1312
1320
1314
1327
1329
1324
1330
1323
1329
1325
1343
1347
1345
1367
1351
1362
1365
1355
1372
1367
1372
1372
1368
1378
1371
1385
1401
1406
1413
1411
1418
1410
1408
1416
1414
1418
1406
1409
1399
1395
1390
1389
1392
1382
1381
1386
1379
1386
1378
1378
1377
1368
1385
1361
1378
1375
1367
1383
1369
1384
1373
1378
1388
1382
1394
1381
1387
1389
1383
1382
1387
1381
1386
1383
1379
1396
1390
1393
1396
1388
1388
1377
1383
1378
1383
1383
1371
1374
1360
1358
1357
1362
1365
1358
1370
1360
1357
1361
1354
1361
1350
1351
1355
1346
1355
1350
1353
1352
1352
1353
1351
1349
1355
1356
1361
1357
1361
1356
1357
1361
1359
1366
1369
1367
1366
1371
1366
1364
1363
1366
1361
1364
1362
1375
1370
1374
1384
1382
1399
1390
1402
1397
1394
1400
1403
1405
1402
1404
1404
1408
1403
1413
1417
1418
1415
1420
1414
1410
1414
1416
1412
1415
1414
1421
1417
1409
1420
1416
1409
1409
1408
1409
1402
1397
1398
1398
1391
1389
1380
1380
1375
1371
1370
1358
1362
1353
1357
1353
1352
1356
1350
1352
1357
1344
1346
1340
1331
1338
1324
1320
1316
1312
1317
1313
1318
1328
1321
1325
1328
1328
1326
1333
1336
1330
1343
1339
1347
1354
1345
1345
1343
1335
1339
1340
1342
1343
1341
1341
1339
1338
1340
1345
1340
1345
1355
1367
1370
1373
1380
1382
1389
1390
1406
1406
1399
1410
1405
1415
1414
1412
1421
1414
1420
1425
1420
1420
1423
1427
1425
1424
1429
1430
1430
1430
1427
1430
1428
1426
1430
1420
1422
1422
1421
1418
1414
1414
1410
1405
1400
1397
1396
1400
1387
1387
1382
1370
1382
1370
1387
1393
1384
1397
1385
1389
1386
1380
1385
1383
1384
1387
1379
1380
1367
1375
1370
1364
1368
1367
1367
1367
1370
1375
1377
1370
1377
1373
1375
1375
1375
1378
1378
1386
1374
1370
1362
1358
1355
1348
1355
1352
1355
