1582
569
195
665
1350
1144
1351
1454
2061
1904
1680
1789
1571
1906
2067
2296
1394
2188
1225
2326
1275
1548
2284
2091
3028
1249
2729
1710
1802
2257
1723
2920
2027
2813
1971
2016
2131
1469
2307
1130
641
568
762
1207
1462
2232
1543
1400
966
1785
1340
839
1690
1104
568
417
422
705
191
633
1045
337
573
533
1141
700
828
874
1092
826
592
610
532
501
738
848
1034
1057
1110
1258
1058
1522
1819
1765
1746
1807
1784
1849
1587
1313
1146
741
1155
891
895
1007
784
1074
1089
1136
1468
1265
1484
1386
1033
1695
1374
1194
1120
735
724
690
812
909
710
479
747
624
921
943
1286
1315
1453
1368
1650
1445
1721
1762
1819
1921
1402
1518
1807
1425
1788
1743
1844
2033
1822
2112
2187
1670
1860
1301
1620
938
1799
1113
951
1597
1067
1556
1024
1077
1238
964
1356
942
1327
1397
1506
1423
1294
1320
1243
1827
1276
1509
1010
1254
1209
1208
1420
1336
1746
1575
1674
1746
1711
1709
1769
1566
1512
1451
1591
1520
1334
1487
1074
1413
1210
1169
1075
1091
1145
1133
1103
1119
1184
818
941
883
735
850
863
1165
1307
1225
1386
1448
1514
1585
1561
1761
1765
1868
1914
1808
1784
1804
1781
1595
1701
1423
1680
1604
1604
1881
1639
1900
1848
1814
1913
1757
1857
1663
1877
1732
1674
1744
1705
1574
1598
1559
1579
1458
1449
1389
1222
1378
1281
1234
1204
1084
1249
1040
1085
990
1105
1074
1020
1146
1039
1157
1017
1044
1073
828
935
923
980
1082
886
1071
1076
1227
1298
1304
1471
1448
1493
1475
1413
1382
1341
1295
1237
1197
1188
1007
1110
871
1067
987
1092
1108
991
1058
901
844
800
720
735
793
731
928
951
1051
1148
1146
1339
1279
1465
1530
1543
1697
1697
1853
1872
1942
1948
1982
2002
1903
1970
1950
1968
2042
2030
2051
1941
2000
1910
1826
1916
1825
1840
1838
1751
1762
1684
1621
1571
1488
1467
1406
1391
1368
1277
1223
1176
1179
1197
1107
1143
1092
1043
994
960
1012
955
1018
1007
1044
1089
1125
1159
1233
1177
1350
1245
1411
1364
1432
1487
1456
1528
1460
1538
1425
1411
1286
1248
1269
1298
1285
1376
1442
1502
1521
1613
1652
1744
1777
1794
1811
1796
1770
1720
1705
1657
1573
1622
1425
1476
1406
1301
1439
1313
1357
1210
1343
1280
1302
1244
1238
1239
1123
1141
1074
1143
1091
1122
1102
1047
1166
1012
1184
1145
1173
1304
1169
1321
1258
1272
1310
1257
1189
1375
1274
1306
1313
1304
1391
1334
1419
1407
1423
1474
1279
1371
1421
1336
1354
1255
1368
1227
1280
1269
1218
1395
1405
1444
1461
1587
1638
1651
1698
1795
1755
1773
1733
1740
1765
1690
1769
1706
1720
1753
1762
1755
1808
1741
1815
1711
1754
1612
1571
1606
1468
1498
1373
1355
1302
1244
1170
1125
1135
1132
1222
1184
1262
1182
1212
1259
1207
1188
1042
1150
1081
1048
1019
955
978
880
824
873
882
895
966
926
970
994
1001
1053
996
1026
1023
1019
1013
1061
1089
1153
1168
1224
1266
1339
1348
1361
1396
1397
1442
1445
1504
1505
1499
1550
1538
1567
1587
1625
1623
1678
1657
1727
1769
1745
1772
1784
1742
1702
1662
1629
1654
1627
1587
1521
1546
1501
1473
1476
1457
1490
1429
1434
1418
1345
1396
1355
1374
1347
1318
1351
1348
1359
1366
1344
1358
1303
1333
1324
1303
1330
1297
1333
1313
1346
1317
1344
1338
1277
1298
1286
1314
1309
1354
1384
1382
1391
1404
1434
1362
1403
1330
1300
1245
1221
1234
1175
1187
1150
1170
1112
1101
1145
1138
1145
1105
1126
1129
1133
1149
1149
1188
1200
1245
1254
1290
1347
1333
1394
1393
1385
1404
1385
1413
1420
1410
1452
1454
1458
1463
1486
1502
1529
1498
1528
1534
1559
1574
1593
1597
1566
1584
1534
1561
1536
1502
1508
1465
1489
1476
1484
1478
1450
1463
1490
1505
1490
1515
1486
1507
1494
1476
1483
1485
1519
1520
1517
1531
1505
1505
1503
1488
1497
1504
1503
1523
1502
1487
1511
1469
1489
1441
1485
1459
1419
1455
1427
1443
1401
1396
1402
1386
1377
1364
1348
1337
1297
1291
1262
1277
1127
1208
1183
1118
1215
1162
1130
1115
1129
1196
1163
1241
1248
1101
1265
1167
1202
1189
1172
1175
1203
1109
1229
1159
1212
1246
1238
1346
1221
1411
1351
1345
1381
1336
1398
1369
1379
1346
1430
1345
1410
1379
1389
1453
1297
1547
1382
1552
1536
1507
1567
1420
1562
1435
1491
1398
1343
1430
1302
1380
1326
1354
1433
1310
1466
1402
1384
1514
1461
1516
1486
1436
1461
1391
1365
1338
1272
1279
1250
1294
1310
1309
1306
1344
1329
1361
1386
1363
1416
1373
1399
1381
1312
1397
1373
1336
1388
1362
1394
1371
1395
1392
1388
1394
1322
1384
1340
1286
1327
1291
1312
1282
1270
1345
1306
1372
1294
1360
1345
1301
1335
1285
1286
1303
1278
1343
1279
1394
1388
1421
1403
1391
1421
1390
1386
1376
1313
1318
1269
1263
1236
1221
1248
1227
1234
1246
1254
1253
1242
1283
1283
1279
1280
1241
1192
1223
1217
1241
1258
1260
1320
1313
1405
1402
1393
1419
1380
1444
1413
1413
1438
1413
1460
1407
1426
1434
1437
1486
1471
1513
1509
1526
1545
1524
1544
1548
1532
1542
1522
1554
1578
1562
1578
1534
1550
1515
1498
1524
1485
1518
1484
1483
1479
1448
1474
1442
1450
1469
1454
1473
1435
1431
1412
1384
1392
1363
1360
1341
1336
1329
1314
1318
1294
1294
1270
1262
1299
1270
1321
1206
1288
1259
1201
1314
1201
1252
1231
1144
1268
1097
1294
1203
1153
1259
1165
1246
1284
1139
1309
1219
1292
1301
1208
1309
1287
1248
1323
1183
1326
1263
1312
1305
1268
1383
1377
1396
1400
1404
1466
1457
1452
1458
1451
1476
1468
1435
1424
1416
1427
1407
1426
1398
1390
1432
1375
1416
1379
1361
1426
1362
1423
1379
1380
1409
1386
1418
1400
1391
1433
1404
1430
1431
1406
1430
1418
1436
1427
1413
1441
1442
1456
1446
1434
1451
1422
1425
1425
1426
1431
1403
1430
1425
1416
1428
1402
1413
1406
1393
1403
1371
1386
1363
1357
1365
1347
1362
1340
1348
1328
1337
1337
1336
1346
1343
1350
1342
1366
1359
1368
1370
1376
1362
1371
1365
1367
1375
1367
1372
1351
1355
1316
1322
1291
1312
1295
1286
1308
1277
1302
1267
1290
1281
1276
1297
1274
1279
1265
1266
1259
1245
1286
1266
1292
1311
1317
1339
1334
1358
1367
1377
1398
1407
1405
1412
1424
1429
1442
1436
1460
1451
1456
1475
1476
1496
1490
1522
1506
1525
1536
1536
1558
1545
1544
1544
1519
1550
1518
1521
1503
1475
1496
1477
1467
1477
1450
1443
1449
1424
1432
1404
1428
1404
1367
1369
1343
1339
1314
1306
1295
1253
1264
1253
1247
1250
1247
1252
1267
1267
1284
1274
1295
1295
1281
1308
1283
1314
1293
1287
1290
1257
1286
1271
1279
1280
1270
1293
1267
1277
1278
1301
1298
1283
1290
1284
1301
1296
1308
1316
1296
1324
1307
1323
1324
1322
1347
1326
1349
1329
1342
1331
1318
1337
1333
1327
1340
1329
1338
1328
1340
1344
1341
1338
1344
1347
1365
1363
1359
1399
1376
1409
1409
1407
1412
1401
1422
1416
1413
1428
1393
1404
1396
1408
1411
1401
1409
1415
1404
1426
1420
1422
1424
1434
1421
1416
1413
1426
1413
1414
1410
1413
1416
1401
1402
1383
1396
1401
1411
1403
1403
1399
1400
1409
1396
1394
1383
1379
1367
1364
1360
1358
1349
1340
1346
1327
1329
1327
1311
1311
1293
1299
1294
1302
1305
1295
1283
1277
1282
1271
1286
1274
1278
1288
1286
1299
1298
1295
1301
1302
1309
1300
1310
1312
1311
1310
1296
1306
1307
1300
1317
1306
1321
1335
1332
1352
1346
1353
1368
1366
1375
1380
1372
1386
1377
1381
1395
1391
1401
1399
1398
1417
1405
1426
1419
1416
1428
1427
1428
1428
1443
1433
1441
1443
1456
1449
1441
1450
1437
1448
1446
1437
1450
1429
1437
1422
1409
1424
1387
1406
1377
1385
1372
1352
1364
1346
1365
1340
1359
1347
1335
1341
1323
1334
1326
1336
1343
1341
1347
1347
1351
1365
1366
1372
1368
1376
1391
1374
1380
1380
1373
1387
1377
1395
1387
1378
1402
1379
1394
1389
1382
1395
1373
1380
1360
1367
1374
1360
1363
1340
1343
1329
1322
1332
1325
1330
1321
1318
1327
1320
1321
1328
1334
1341
1337
1342
1330
1343
1332
1331
1324
1313
1319
1309
1324
1326
1319
1330
1319
1333
1329
1333
1348
1345
1361
1355
1369
1375
1369
1388
1382
1394
1408
1392
1400
1395
1404
1413
1406
1413
1410
1412
1406
1406
1420
1412
1414
1412
1414
1409
1404
1418
1416
1430
1437
1431
1430
1439
1441
1451
1449
1461
1450
1455
1450
1443
1463
1444
1449
1443
1429
1430
1424
1416
1409
1395
1393
1381
1393
1387
1380
1379
1370
1368
1372
1370
1369
1369
1353
1358
1347
1336
1336
1320
1327
1312
1310
1322
1295
1312
1302
1303
1305
1298
1310
1299
1317
1309
1312
1320
1322
1332
1330
1341
1339
1352
1347
1349
1359
1358
1369
1358
1379
1377
1377
1388
1376
1386
1386
1398
1390
1394
1402
1399
1396
1379
1383
1386
1389
1399
1379
1388
1375
1368
1369
1371
1376
1384
1382
1379
1380
1376
1381
1378
1378
1381
1390
1377
1393
1396
1385
1393
1378
1382
1384
1389
1380
1387
1383
1382
1385
1377
1376
1372
1370
1367
1376
1376
1378
1376
1372
1371
1369
1374
1374
1387
1387
1385
1384
1387
1379
1376
1374
1376
1368
1368
1369
1358
1358
1347
1354
1339
1348
1361
1365
1366
1365
1354
1355
1347
1351
1355
1344
1352
1335
1344
1340
1332
1346
1325
1336
1333
1325
1339
1325
1325
1323
1327
1331
1330
1336
1338
1343
1338
1354
1354
1351
1367
1363
1365
1362
1369
1362
1368
1369
1370
1371
1374
1384
1386
1381
1380
1377
1379
1382
1380
1387
1383
1385
1393
1393
1392
1397
1388
1400
1393
1394
1397
1399
1401
1399
1396
1394
1389
1389
1380
1379
1375
1372
1369
1362
1370
1364
1372
1367
1361
1364
1372
1370
1383
1387
1393
1397
1390
1401
1392
1404
1409
1410
1409
1397
1393
1384
1381
1382
1383
1386
1385
1380
1383
1376
1377
1383
1377
1380
1382
1378
1387
1382
1388
1386
1374
1378
1367
1373
1365
1368
1366
1350
1357
1347
1356
1356
1370
1353
1357
1360
1349
1363
1348
1367
1365
1359
1369
1367
1386
1382
1393
1391
1386
1387
1383
1389
1384
1396
1385
1394
1385
1382
1400
1381
1400
1388
1393
1402
1388
1405
1393
1406
1399
