[PREW 613 count_idx:2, count_value:17543]
1357
1356
1357
1357
1357
1358
1358
1357
1357
1357
1358
1358
1357
1357
1358
1358
1358
1357
1357
1358
1358
1358
1358
1357
1358
1358
1358
1357
1357
1358
1358
1358
1357
1357
1357
1358
1358
1358
1357
1358
1358
1357
1358
1357
1358
1357
1357
1358
1358
1357
1357
1358
1357
1358
1357
1358
1357
1358
1357
1357
1357
1358
1357
1356
1358
1356
1357
1357
1357
1357
1357
1356
1357
1356
1355
1357
1357
1357
1357
1357
1357
1358
1357
1358
1357
1358
1357
1358
1358
1357
1357
1357
1358
1357
1356
1357
1358
1357
1358
1358
1358
1357
1358
1357
1356
1358
1357
1357
1357
1357
1357
1357
1358
1357
1357
1357
1358
1358
1356
1358
1357
1357
1358
1357
1358
1357
1358
1358
1358
1358
1358
1359
1358
1358
1359
1359
1359
1358
1358
1358
1358
1358
1357
1357
1358
1358
1358
1358
1357
1358
1358
1358
1358
1358
1358
1359
1359
1358
1359
1359
1359
1360
1358
1359
1357
1359
1358
1358
1358
1358
1358
1358
1357
1357
1357
1359
1357
1358
1357
1357
1357
1357
1358
1357
1356
1356
1358
1357
1357
1358
1357
1358
1358
1358
1357
1358
1359
1358
1358
1358
1358
1359
1359
1359
1359
1359
1359
1359
1359
1359
1359
1359
1359
1359
1358
1358
1358
1358
1358
1357
1357
1359
1359
1359
1359
1358
1359
1359
1358
1358
1359
1358
1359
1358
1358
1359
1358
1359
1358
1359
1359
1358
1359
1358
1358
1360
1357
1358
1359
1359
1359
1358
1359
1359
1358
1359
1358
1359
1359
1359
1359
1357
1358
1359
1359
1359
1359
1359
1359
1359
1359
1359
1359
1359
1359
1359
1358
1358
1358
1359
1358
1359
1359
1359
1359
1358
1359
1359
1360
1358
1359
1359
1359
1358
1358
1359
1360
1359
1359
1359
1359
1359
1359
1358
1358
1359
1358
1359
1358
1358
1358
1358
1359
1358
1358
1359
1359
1359
1359
1358
1358
1359
1359
1358
1359
1358
1358
1358
1359
1358
1357
1358
1358
1358
1357
1357
1358
1357
1357
1357
1356
1357
1357
1357
1357
1356
1356
1357
1357
1357
1357
1357
1357
1356
1357
1356
1356
1357
1356
1357
1357
1356
1356
1356
1356
1356
1356
1356
1355
1357
1357
1357
1356
1357
1357
1357
1356
1358
1358
1357
1358
1357
1358
1357
1357
1357
1357
1357
1357
1357
1357
1357
1357
1356
1357
1358
1357
1357
1358
1357
1357
1357
1358
1358
1358
1358
1359
1360
1359
1360
1360
1359
1360
1360
1360
1360
1360
1360
1360
1360
1360
1360
1361
1360
1360
1359
1358
1360
1359
1359
1359
1359
1360
1360
1360
1360
1360
1359
1360
1360
1360
1360
1360
1360
1360
1360
1360
1360
1360
1360
1359
1360
1359
1360
1360
1359
1359
1359
1359
1358
1359
1359
1359
1360
1358
1359
1359
1359
1358
1357
1357
1359
1358
1357
1359
1360
1358
1359
1358
1358
1358
1359
1359
1357
1358
1358
1358
1358
1358
1359
1357
1357
1359
1359
1358
1358
1357
1359
1359
1358
1359
1358
1358
1359
1358
1358
1357
1357
1357
1357
1357
1357
1357
1358
1356
1357
1357
1357
1358
1357
1357
1358
1357
1358
1357
1357
1358
1358
1358
1358
1358
1358
1358
1357
1358
1358
1358
1358
1358
1358
1358
1357
1357
1357
1358
1358
1357
1358
1357
1359
1358
1358
1357
1358
1358
1358
1358
1358
1357
1357
1357
1357
1357
1356
1357
1356
1357
1356
1356
1356
1356
1356
1356
1356
1356
1357
1357
1356
1356
1356
1357
1356
1357
1357
1356
1356
1356
1356
1356
1355
1356
1356
1356
1355
1355
1351
1358
1358
1341
1354
1350
1341
1350
1359
1286
1387
677
5
317
5
498
489
2674
1358
1358
1358
1358
1359
1358
1358
1357
1357
1357
1358
1358
1358
1358
1358
1358
1357
1357
1358
1357
1357
1358
1357
1357
1358
1357
1358
1357
1357
1358
1358
1357
1358
1358
1358
1357
1358
1358
1358
1358
1358
1358
1357
1358
1358
1358
1357
1359
1359
1358
1359
1358
1358
1358
1358
1358
1358
1359
1359
1359
1360
1359
1359
1359
1358
1360
1359
1359
1360
1360
1360
1360
1360
1360
1360
1360
1360
1360
1360
1360
1360
1360
1359
1359
1360
1360
1359
1359
1359
1360
1359
1359
1359
1359
1359
1359
1359
1359
1359
1359
1358
1359
1359
1359
1360
1360
1360
1360
1360
1360
1360
1360
1360
1358
1360
1359
1360
1360
1359
1359
1359
1359
1359
1360
1359
1360
1359
1358
1359
1360
1360
1358
1359
1360
1360
1360
1359
1359
1359
1358
1358
1359
1359
1359
1359
1359
1358
1359
1359
1358
1357
1358
1359
1359
1358
1357
1358
1358
1357
1357
1358
1358
1359
1358
1358
1358
1358
1358
1357
1358
1357
1358
1357
1358
1357
1357
1357
1357
1357
1356
1356
1357
1357
1356
1357
1357
1357
[POSTW]
1768
4086
4086
3949
4088
2765
4087
3235
2619
2393
1991
1690
1444
1335
496
261
202
6
5
5
5
95
31
217
721
411
951
1380
1374
1929
1446
2163
1332
1306
1794
1062
1493
1285
1461
1532
1389
1239
1046
1026
1257
1067
1023
880
373
633
292
802
890
1147
1761
1512
1987
1728
1504
1497
1046
1265
1143
1358
1582
1685
1487
1470
1245
1297
1243
1137
1218
1001
823
607
252
54
234
370
794
1357
1636
2104
2090
2328
2140
2125
2045
1754
1859
1669
1714
1673
1613
1540
1295
1333
960
995
911
966
1211
1339
1656
1606
1719
1533
1464
1305
1206
1239
1422
1589
1736
1855
1747
1769
1562
1549
1318
1298
1319
997
1365
973
1068
1045
810
1035
856
1074
1077
1303
1455
1552
1555
1499
1300
1354
1173
1170
1177
1083
1156
999
1066
1154
1257
1394
1470
1531
1474
1378
1237
1147
1131
1129
1161
1234
1242
1313
1382
1390
1331
1283
1216
1201
1217
1255
1295
1294
1248
1240
1111
1091
1160
1256
1384
1438
1453
1467
1394
1458
1484
1474
1512
1442
1433
1304
1235
1146
1069
1065
1006
1017
958
1014
1047
1125
1213
1312
1427
1532
1647
1675
1687
1629
1560
1496
1313
1175
1012
890
876
853
932
964
1018
1084
1173
1269
1362
1509
1621
1758
1853
1900
1896
1855
1810
1707
1613
1541
1470
1402
1341
1205
1066
936
808
755
735
811
899
1008
1140
1274
1367
1446
1489
1500
1465
1381
1319
1195
1154
1127
1125
1158
1215
1296
1381
1491
1523
1572
1557
1503
1454
1345
1266
1189
1120
1083
1033
975
971
998
1050
1092
1160
1183
1189
1185
1115
1089
1018
943
906
877
930
973
1145
1225
1408
1568
1680
1731
1791
1861
1927
1914
1898
1846
1784
1679
1671
1508
1484
1426
1359
1400
1309
1318
1235
1207
1085
1087
1114
1131
1247
1267
1313
1341
1264
1304
1271
1204
1218
1186
1231
1245
1255
1276
1239
1309
1271
1301
1308
1235
1276
1192
1200
1220
1162
1203
1185
1180
1348
1320
1463
1497
1546
1652
1598
1694
1568
1512
1467
1383
1367
1310
1358
1341
1415
1433
1434
1504
1485
1487
1459
1446
1403
1383
1296
1269
1238
1192
1203
1167
1190
1197
1210
1261
1296
1216
1386
1474
1100
1506
1297
1060
1361
1035
1210
1417
948
1501
1263
1236
1465
1183
1486
1345
1275
1453
1256
1402
1299
1223
1236
1106
1111
1049
1018
899
998
953
1001
1137
1227
1293
1434
1396
1505
1557
1574
1552
1615
1588
1463
1516
1435
1442
1326
1321
1330
1227
1211
1241
1237
1192
1329
1333
1380
1493
1521
1593
1639
1670
1737
1653
1690
1669
1763
1716
1773
1807
1707
1697
1547
1374
1568
1198
1405
1196
1108
1202
981
1113
934
992
1008
901
1052
1006
1084
1246
1251
1489
1568
1566
1616
1559
1706
1667
1575
1709
1492
1657
1403
1405
1346
1171
1190
1074
1133
1021
1166
1194
1222
1312
1413
1276
1230
1296
1178
1221
1220
1035
1377
1237
1301
1460
1402
1428
1431
1565
1409
1517
1462
1426
1537
1500
1544
1529
1546
1429
1377
1326
1213
1202
1141
1130
1143
1140
1247
1220
1254
1267
1275
1278
1316
1366
1358
1445
1389
1475
1412
1322
1379
1284
1344
1281
1293
1291
1271
1290
1305
1267
1328
1337
1377
1424
1429
1520
1542
1571
1586
1538
1487
1430
1419
1403
1383
1405
1372
1398
1340
1382
1359
1394
1411
1460
1461
1426
1438
1433
1405
1390
1382
1346
1350
1337
1334
1374
1319
1407
1355
1381
1361
1380
1338
1343
1330
1306
1356
1312
1354
1352
1328
1316
1290
1287
1258
1278
1258
1269
1266
1288
1289
1303
1323
1322
1347
1320
1324
1303
1303
1310
1269
1273
1263
1230
1231
1211
1244
1248
1285
1330
1349
1371
1350
1401
1406
1391
1437
1411
1459
1426
1449
1400
1407
1358
1363
1384
1419
1403
1477
1452
1464
1490
1446
1508
1419
1493
1442
1396
1455
1356
1376
1332
1314
1315
1365
1324
1409
1320
1359
1291
1228
1244
1220
1162
1280
1234
1293
1322
1307
1348
1302
1307
1298
1310
1327
1309
1320
1319
1327
1314
1320
1325
1290
1318
1313
1320
1352
1347
1361
1360
1362
1364
1361
1370
1389
1367
1418
1350
1320
1296
1246
1229
1215
1266
1245
1272
1312
1297
1334
1329
1338
1323
1332
1350
1377
1371
1408
1403
1387
1413
1385
1428
1425
1449
1458
1485
1499
1484
1535
1511
1561
1545
1544
1549
1454
1448
1363
1344
1288
1273
1239
1210
1189
1134
1186
1129
1166
1175
1217
1265
1308
1341
1358
1354
1369
1353
1337
1370
1353
1393
1395
1412
1416
1388
1398
1357
1350
1351
1296
1279
1280
1254
1225
1242
1218
1225
1262
1266
1285
1386
1302
1356
1398
1290
1393
1395
1351
1531
1433
1451
1519
1392
1489
1395
1429
1468
1376
1490
1346
1449
1379
1288
1397
1240
1289
1256
1219
1249
1192
1201
1146
1178
1181
1157
1242
1188
1209
1246
1230
1258
1278
1292
1300
1326
1313
1346
1356
1354
1433
1409
1456
1472
1444
1462
1394
1415
1387
1358
1355
1320
1292
1309
1237
1256
1259
1243
1277
1306
1296
1323
1361
1350
1389
1386
1405
1418
1410
1390
1406
1368
1364
1333
1325
1301
1308
1302
1275
1267
1261
1236
1216
1240
1228
1244
1252
1272
1294
1305
1333
1360
1373
1363
1386
1386
1365
1409
1391
1395
1399
1411
1402
1390
1394
1366
1345
1319
1299
1260
1252
1235
1196
1206
1184
1177
1179
1187
1218
1242
1275
1274
1317
1322
1334
1373
1340
1360
1349
1330
1335
1313
1308
1280
1269
1254
1246
1251
1225
1271
1225
1249
1224
1213
1237
1202
1231
1232
1231
1276
1263
1321
1333
1334
1361
1364
1364
1373
1376
1403
1391
1381
1386
1337
1357
1329
1361
1374
1370
1392
1382
1393
1377
1403
1392
1390
1402
1380
1398
1383
1385
1385
1387
1399
1423
1444
1438
1453
1431
1421
1418
1411
1423
1420
1416
1433
1398
1393
1364
1344
1333
1292
1300
1282
1284
1292
1309
1312
1299
1318
1279
1279
1243
1242
1265
1253
1282
1288
1312
1339
1333
1338
1344
1333
1347
1328
1321
1328
1337
1330
1369
1344
1354
1360
1357
1349
1354
1360
1328
1329
1293
1278
1263
1245
1284
1253
1306
1298
1321
1326
1325
1350
1325
1362
1360
1347
1383
1386
1384
1419
1399
1417
1439
1398
1421
1384
1368
1343
1337
1318
1332
1306
1304
1347
1284
1314
1306
1277
1327
1271
1300
1292
1285
1303
1295
1322
1327
1348
1337
1357
1370
1376
1389
1405
1396
1403
1404
1391
1411
1402
1410
1441
1419
1435
1429
1391
1397
1372
1363
1331
1327
1293
1281
1276
1282
1302
1294
1310
1323
1305
1322
1317
1305
1330
1290
1316
1323
1311
1353
1334
1378
1347
1363
1359
1336
1349
1331
1353
1341
1353
1351
1323
1333
1300
1307
1324
1329
1362
1353
1381
1369
1356
1378
1354
1358
1340
1339
1320
1307
1285
1268
1267
1248
1261
1261
1273
1266
1270
1284
1290
1302
1314
1334
1329
1342
1348
1347
1351
1351
1371
1351
1385
1358
1398
1384
1397
1411
1391
1421
1394
1406
1396
1368
1359
1355
1337
1313
1310
1293
1288
1289
1305
1296
1300
1314
1257
1313
1281
1297
1336
1336
1377
1399
1397
1448
1436
1456
1441
1437
1427
1397
1421
1361
1386
1378
1331
1381
1328
1331
1327
1295
1294
1292
1304
1313
1342
1361
1369
1389
1370
1368
1355
1359
1332
1344
1325
1298
1307
1286
1282
1260
1264
1262
1257
1270
1283
1296
1293
1325
1329
1340
1361
1366
1373
1385
1380
1398
1391
1391
1411
1421
1447
1459
1462
1460
1453
1415
1414
1363
1361
1325
1308
1321
1301
1319
1296
1300
1289
1295
1303
1306
1342
1361
1360
1382
1371
1354
1353
1332
1326
1326
1309
1309
1303
1291
1303
1282
1285
1280
1295
1293
1330
1322
1330
1337
1325
1332
1321
1345
1322
1340
1343
1334
1372
1363
1364
1389
1382
1377
1387
1364
1358
1350
1339
1339
1351
1329
1340
1338
1307
1332
1306
1330
1341
1339
1372
1358
1381
1373
1359
1367
1351
1351
1351
1351
1362
1349
1371
1351
1362
1370
1349
1364
1338
1334
1321
1304
1305
1299
1299
1309
1298
1313
1294
1297
1304
1273
1310
1306
1323
1351
1377
1397
1396
1405
1400
1383
1367
1362
1333
1323
1343
1322
1327
1339
1337
1343
1338
1348
1316
1342
1320
1327
1336
1321
1343
1342
1353
1356
1374
1359
1377
1377
1361
1384
1360
1354
1360
1340
1350
1339
1341
1343
1322
1328
1307
1311
1304
1312
1324
1318
1349
1337
1350
1353
1332
1373
1351
1373
1392
1380
1391
1354
1356
1339
1337
1326
1330
1330
1329
1349
1346
1368
1361
1369
1362
1345
1342
1329
1315
1317
1305
1290
1302
1306
1307
1323
1323
1344
1338
1352
1360
1328
1355
1325
1347
1348
1341
1358
1338
1342
1332
1336
1330
1338
1341
1325
1339
1315
1327
1332
1339
1345
1360
1354
1349
1356
1324
1326
1314
1303
1309
1308
1309
1313
1312
1306
1312
1300
1295
1290
1291
1284
1297
1322
1308
1352
1361
1348
1378
1361
1386
1380
1390
1377
1367
1368
1330
1341
1320
1297
1311
1294
1305
1311
1333
1333
1368
1366
1374
1388
1371
1387
1366
1369
1359
1353
1358
1342
1346
1328
1328
1328
1316
1324
1338
1326
1334
1331
1336
1328
1324
1335
1314
1313
1311
1313
1317
1323
1330
1337
1324
1339
1334
1342
1351
1371
1371
1382
1383
1375
1377
1362
1361
1355
1333
1343
1320
1317
1298
1315
1309
1298
1323
1278
1299
1281
1269
1286
1275
1289
1306
1317
1340
1345
1344
1344
1332
1334
1334
1319
1327
1317
1326
1322
1324
1320
1334
1308
1329
1348
1317
1355
1350
1338
1357
1332
1349
1363
1338
1363
1343
1346
1350
1326
1365
1347
1348
1358
1342
1358
1334
1351
1356
1340
1351
1336
1333
1322
1312
1310
1300
1300
1291
1286
1288
1290
1298
1297
1314
1319
1324
1324
1333
1322
1321
1325
1319
1344
1340
1344
1344
1334
1329
1333
1330
1334
1347
1344
1366
1359
1346
1349
1326
1324
1324
1312
1330
1319
1335
1333
1344
1337
1337
1335
1321
1326
1309
1319
1318
1317
1329
1312
1316
1324
1328
1334
1337
1352
1348
1353
1352
1354
1340
1343
1349
1346
1343
1358
1355
1343
1348
1337
1338
1344
1354
1403
1425
1451
1441
1404
1372
1347
1322
1294
1282
1260
1255
1241
1234
1230
1228
1231
1230
1246
1253
1261
1297
1307
1334
1360
1349
1365
1347
1359
1355
1337
1349
1339
1339
1353
1358
1377
1397
1404
1409
1404
1409
1391
1389
1372
1350
1350
1329
1333
1326
1320
1339
1342
1341
1332
1324
1339
1330
1343
1349
1344
1361
1344
1348
1336
1330
