[PREW 596 count_idx:2, count_value:17526]
1356
1355
1356
1355
1355
1356
1355
1355
1355
1355
1355
1354
1354
1353
1354
1354
1354
1354
1354
1354
1353
1353
1353
1352
1353
1352
1354
1353
1353
1353
1353
1354
1353
1353
1353
1353
1353
1354
1354
1353
1355
1354
1354
1354
1354
1355
1355
1354
1355
1355
1354
1355
1355
1354
1355
1355
1354
1355
1354
1354
1355
1354
1354
1354
1355
1354
1355
1355
1355
1355
1355
1355
1355
1356
1355
1356
1356
1356
1356
1355
1354
1356
1356
1355
1356
1355
1354
1355
1356
1356
1355
1356
1357
1358
1356
1357
1357
1357
1357
1357
1355
1356
1356
1356
1356
1355
1356
1355
1357
1355
1355
1355
1355
1356
1357
1356
1356
1357
1358
1357
1357
1358
1356
1357
1357
1356
1357
1355
1357
1355
1355
1355
1354
1355
1355
1354
1354
1354
1354
1354
1354
1354
1355
1354
1355
1355
1356
1354
1354
1354
1355
1354
1355
1355
1354
1355
1354
1355
1354
1355
1354
1355
1354
1354
1355
1354
1355
1354
1355
1355
1355
1355
1356
1356
1356
1356
1357
1357
1356
1357
1357
1357
1356
1357
1357
1357
1357
1357
1358
1357
1357
1357
1357
1356
1356
1358
1357
1357
1357
1358
1358
1358
1358
1358
1358
1358
1360
1358
1359
1358
1359
1358
1359
1358
1359
1358
1359
1358
1359
1359
1358
1359
1358
1358
1359
1358
1359
1357
1358
1358
1358
1357
1357
1358
1357
1358
1357
1357
1357
1357
1357
1357
1357
1357
1357
1357
1356
1357
1357
1357
1357
1356
1355
1355
1356
1355
1355
1354
1355
1356
1354
1355
1356
1355
1356
1356
1355
1356
1355
1356
1355
1356
1355
1356
1356
1356
1356
1355
1355
1355
1355
1355
1354
1355
1355
1354
1355
1355
1355
1355
1355
1355
1355
1355
1355
1355
1355
1355
1355
1355
1355
1356
1355
1355
1355
1356
1356
1357
1356
1357
1356
1357
1357
1356
1357
1356
1356
1356
1355
1355
1355
1355
1356
1356
1356
1356
1356
1355
1356
1357
1357
1356
1356
1356
1357
1356
1356
1357
1356
1357
1357
1356
1356
1356
1356
1355
1355
1355
1355
1355
1355
1354
1355
1354
1355
1356
1354
1355
1355
1356
1355
1355
1355
1355
1356
1354
1354
1355
1354
1356
1356
1355
1355
1355
1356
1356
1355
1355
1354
1355
1355
1355
1355
1355
1354
1355
1353
1354
1355
1354
1354
1355
1354
1354
1355
1355
1355
1355
1355
1355
1354
1355
1355
1355
1355
1355
1355
1355
1355
1354
1355
1355
1355
1356
1355
1356
1356
1355
1356
1356
1356
1357
1356
1357
1357
1357
1356
1357
1356
1357
1357
1356
1357
1356
1357
1357
1357
1357
1356
1356
1357
1357
1357
1357
1357
1356
1357
1355
1356
1356
1357
1358
1357
1357
1357
1358
1357
1357
1357
1357
1357
1357
1357
1357
1357
1357
1356
1356
1356
1357
1357
1357
1358
1358
1358
1357
1357
1357
1358
1357
1357
1357
1357
1357
1357
1357
1356
1355
1355
1355
1355
1355
1355
1356
1355
1355
1355
1355
1355
1354
1355
1355
1356
1356
1356
1356
1355
1355
1357
1355
1357
1356
1355
1356
1356
1357
1355
1355
1356
1356
1356
1355
1356
1356
1356
1355
1354
1356
1356
1356
1356
1356
1356
1355
1355
1356
1355
1355
1355
1355
1355
1355
1355
1355
1354
1354
1354
1355
1355
1355
1354
1353
1353
1353
1354
1354
1353
1354
1353
1353
1354
1353
1354
1354
1354
1354
1354
1354
1353
1353
1353
1353
1353
1353
1354
1353
1353
1354
1353
1353
1353
1353
1353
1353
1353
1346
1358
1327
1370
1286
1378
1207
935
443
1209
3532
1355
1355
1355
1356
1355
1356
1355
1355
1355
1356
1355
1354
1356
1355
1356
1355
1356
1355
1357
1356
1356
1357
1357
1356
1356
1356
1357
1357
1357
1357
1357
1357
1357
1356
1357
1356
1356
1357
1357
1357
1357
1357
1357
1356
1358
1358
1358
1358
1358
1357
1358
1357
1358
1358
1358
1359
1357
1358
1358
1359
1358
1358
1358
1359
1359
1359
1359
1359
1359
1359
1358
1358
1358
1359
1359
1357
1358
1358
1358
1358
1358
1358
1357
1358
1358
1358
1357
1358
1358
1358
1358
1358
1357
1357
1358
1357
1357
1356
1357
1357
1357
1357
1356
1355
1356
1356
1356
1356
1356
1355
1356
1356
1355
1356
1356
1356
1357
1356
1357
1357
1357
1358
1358
1358
1359
1359
1359
1360
1359
1360
1360
1359
1359
1358
1359
1358
1359
1358
1358
1357
1357
1357
1357
1356
1358
1357
1358
1359
1358
1358
1358
1358
1359
1357
1358
1358
1358
1358
1358
1357
1357
1357
1358
1357
1357
1357
1356
1357
1356
1356
1357
1356
1357
1357
1357
1357
1356
1357
1357
1358
1358
1357
1358
1358
1358
1357
1357
1356
1357
1357
1357
1356
1356
1356
1357
1357
1356
1356
1356
1357
1356
1355
1356
1355
[POSTW]
2909
4088
4088
4088
4087
4088
2139
1604
4088
8
2144
611
6
17
6
5
5
5
5
5
5
534
8
676
1110
404
1950
510
2158
1727
1097
2342
1051
1687
1739
1151
1208
722
663
509
217
505
653
592
212
1036
840
439
1286
736
1150
1773
1868
2186
1837
1867
1918
2278
2511
2460
3061
2199
2825
1539
1443
1174
582
1124
1130
1181
1640
934
1060
448
406
243
420
843
1190
1776
1646
1626
1117
818
441
6
5
5
5
645
580
1322
1074
1735
2038
2264
2792
2757
2864
2697
2236
1912
1599
1411
1231
1045
1071
860
837
836
956
1092
1298
1555
1652
1895
1885
1900
1854
1601
1447
1256
1372
1322
1656
1817
1965
2044
1749
1570
1199
980
760
697
618
717
847
806
956
972
1060
1096
1169
1248
1175
1230
1046
1025
842
724
758
651
715
690
716
850
869
997
1201
1459
1777
2098
2356
2529
2526
2485
2230
2027
1740
1461
1202
913
673
437
369
357
468
666
960
1297
1615
1956
2095
2294
2235
2121
1901
1619
1372
1076
893
658
401
271
74
215
217
557
713
849
1042
1103
1285
1301
1542
1623
1845
2012
2118
2257
2199
2148
2000
1814
1642
1479
1365
1197
1141
1057
945
921
814
789
691
693
694
675
705
793
922
1043
1226
1360
1453
1614
1753
1876
1993
2069
2102
2029
1900
1724
1505
1310
1129
962
798
694
549
508
544
580
696
784
966
1097
1288
1438
1538
1627
1672
1733
1680
1771
1708
1746
1746
1697
1649
1509
1405
1352
1222
1300
1173
1165
1406
652
1744
767
1635
1271
1135
1553
952
1441
1314
872
1529
538
1324
609
972
863
446
1134
204
1176
390
942
867
809
1189
913
1373
1072
1304
1571
1419
1855
1747
1813
1836
1830
1567
1790
1529
1550
1859
1423
2087
1710
1953
1784
1782
1680
1579
1465
1359
1311
1222
1302
1274
1329
1370
1303
1335
1282
1241
1170
1223
1188
1172
1220
1091
1069
1022
885
975
759
1006
823
850
943
711
975
797
894
887
949
1157
1256
1512
1643
1786
1843
1878
1815
1741
1681
1626
1511
1575
1402
1485
1400
1425
1434
1339
1534
1421
1448
1367
1310
1124
1082
990
904
1014
993
1034
1123
1139
1267
1238
1495
1469
1567
1641
1528
1554
1482
1326
1386
1332
1190
1541
1281
1553
1550
1387
1460
1245
1339
1279
1310
1592
1289
1623
1483
1433
1492
1119
1246
1154
1071
1301
1326
1339
1256
1034
1287
1064
1462
1245
1322
1196
940
1133
727
821
684
718
907
1124
1217
1178
1277
1338
1407
1505
1540
1594
1695
1724
1698
1630
1611
1517
1570
1581
1509
1471
1435
1304
1364
1235
1296
1379
1384
1445
1461
1449
1590
1496
1500
1423
1333
1322
1235
1209
1263
1245
1410
1447
1497
1512
1389
1414
1254
1166
1178
1106
1151
1124
1070
1073
936
984
976
983
1069
1106
1199
1257
1293
1377
1485
1538
1671
1622
1725
1761
1788
1797
1754
1718
1649
1539
1467
1374
1290
1303
1281
1281
1430
1399
1550
1546
1560
1600
1475
1538
1415
1412
1345
1253
1207
1093
1105
1021
1075
1106
1131
1161
1177
1163
1153
1145
1093
1132
1148
1160
1215
1271
1308
1357
1362
1450
1422
1471
1448
1422
1418
1339
1356
1308
1357
1381
1418
1473
1487
1520
1525
1530
1558
1511
1489
1468
1399
1373
1353
1265
1263
1175
1152
1131
1102
1115
1111
1129
1184
1221
1297
1334
1425
1505
1546
1593
1651
1653
1665
1659
1651
1627
1557
1551
1446
1422
1401
1329
1339
1282
1284
1254
1231
1221
1181
1171
1175
1145
1209
1198
1204
1249
1271
1308
1313
1380
1389
1411
1423
1396
1397
1391
1348
1301
1302
1160
1212
1129
1104
1130
1100
1181
1143
1204
1209
1219
1245
1256
1262
1255
1247
1239
1192
1220
1222
1230
1286
1273
1325
1367
1426
1462
1481
1515
1478
1488
1437
1422
1400
1363
1373
1322
1340
1307
1309
1327
1304
1332
1325
1370
1375
1410
1433
1429
1450
1447
1452
1414
1427
1394
1398
1384
1329
1341
1269
1231
1190
1167
1176
1192
1217
1237
1282
1275
1346
1331
1357
1382
1405
1460
1487
1522
1547
1580
1559
1577
1535
1529
1529
1481
1516
1441
1442
1400
1333
1298
1243
1220
1170
1164
1119
1108
1134
1117
1158
1157
1168
1185
1170
1178
1155
1159
1177
1175
1196
1198
1222
1228
1279
1278
1328
1371
1366
1426
1421
1451
1466
1488
1510
1495
1477
1455
1407
1363
1306
1264
1227
1189
1165
1160
1173
1177
1252
1245
1302
1335
1340
1405
1374
1432
1411
1427
1417
1383
1394
1370
1379
1378
1366
1356
1320
1336
1315
1270
1307
1237
1243
1213
1205
1245
1189
1276
1241
1279
1307
1310
1340
1331
1390
1388
1404
1411
1401
1380
1378
1380
1370
1389
1377
1382
1409
1370
1416
1377
1359
1373
1301
1294
1289
1226
1233
1201
1196
1210
1185
1199
1138
1149
1087
1079
1079
1074
1120
1167
1218
1264
1306
1347
1372
1420
1425
1440
1456
1457
1435
1418
1390
1371
1369
1357
1377
1369
1334
1342
1311
1305
1312
1331
1322
1333
1341
1353
1354
1380
1388
1420
1454
1445
1476
1450
1442
1451
1405
1381
1337
1318
1266
1258
1229
1201
1211
1190
1202
1203
1205
1207
1244
1236
1267
1276
1278
1301
1289
1308
1315
1330
1365
1364
1393
1393
1412
1406
1388
1395
1390
1368
1388
1364
1345
1351
1312
1301
1276
1245
1248
1237
1240
1223
1253
1229
1241
1270
1252
1289
1277
1297
1336
1313
1366
1364
1341
1375
1329
1331
1307
1300
1318
1291
1308
1295
1288
1292
1277
1293
1270
1272
1259
1258
1253
1260
1262
1259
1283
1271
1296
1289
1317
1313
1343
1363
1374
1380
1374
1400
1364
1392
1397
1386
1403
1371
1380
1343
1363
1312
1323
1312
1263
1282
1224
1228
1207
1190
1186
1204
1213
1215
1234
1257
1268
1305
1318
1344
1362
1378
1402
1408
1411
1408
1405
1393
1390
1387
1377
1372
1364
1344
1322
1282
1277
1237
1227
1202
1219
1198
1200
1223
1227
1250
1283
1302
1333
1344
1371
1374
1393
1406
1394
1422
1406
1403
1416
1385
1392
1336
1347
1303
1259
1275
1214
1238
1207
1220
1220
1208
1231
1231
1231
1244
1267
1271
1282
1277
1293
1289
1284
1342
1321
1356
1378
1374
1413
1402
1411
1433
1415
1429
1419
1417
1387
1384
1372
1357
1347
1308
1319
1283
1287
1298
1290
1324
1293
1329
1301
1317
1318
1302
1334
1299
1322
1323
1316
1342
1326
1328
1328
1296
1313
1303
1305
1300
1302
1304
1284
1305
1256
1289
1244
1240
1230
1234
1256
1232
1280
1272
1286
1321
1322
1353
1369
1377
1390
1394
1409
1376
1394
1368
1349
1347
1303
1308
1260
1288
1242
1273
1278
1279
1340
1305
1359
1343
1348
1358
1321
1343
1305
1328
1309
1305
1325
1311
1328
1316
1341
1342
1321
1346
1335
1352
1370
1371
1387
1406
1394
1413
1405
1380
1391
1342
1343
1311
1277
1290
1236
1266
1224
1228
1220
1197
1227
1192
1230
1238
1253
1288
1278
1324
1317
1343
1342
1353
1357
1355
1357
1337
1359
1322
1363
1330
1343
1345
1336
1378
1347
1369
1362
1332
1356
1321
1296
1334
1285
1340
1291
1335
1320
1321
1323
1309
1317
1307
1304
1291
1295
1302
1293
1302
1293
1284
1314
1279
1314
1302
1313
1311
1294
1320
1276
1308
1313
1310
1351
1324
1361
1362
1338
1374
1352
1356
1341
1330
1320
1302
1303
1278
1285
1251
1257
1240
1244
1262
1272
1289
1302
1309
1307
1304
1292
1311
1301
1322
1323
1334
1332
1348
1346
1344
1371
1348
1374
1366
1358
1351
1312
1330
1287
1314
1315
1312
1352
1322
1365
1332
1357
1347
1334
1347
1318
1333
1309
1293
1284
1248
1243
1207
1216
1201
1211
1222
1232
1244
1251
1273
1287
1302
1323
1338
1354
1372
1391
1395
1402
1409
1397
1391
1384
1368
1362
1349
1331
1316
1288
1264
1237
1220
1214
1199
1200
1208
1216
1240
1251
1277
1302
1316
1349
1354
1384
1391
1401
1420
1430
1439
1448
1444
1445
1442
1420
1413
1385
1357
1339
1312
1311
1274
1292
1268
1262
1269
1241
1251
1225
1242
1242
1242
1272
1263
1294
1287
1297
1311
1287
1297
1303
1300
1318
1320
1347
1318
1338
1328
1322
1325
1336
1327
1349
1332
1322
1325
1294
1309
1312
1326
1336
1365
1367
1386
1382
1379
1383
1379
1385
1371
1376
1361
1336
1328
1303
1297
1277
1286
1278
1276
1284
1275
1280
1299
1300
1322
1334
1317
1330
1318
1318
1334
1323
1352
1337
1352
1348
1334
1353
1324
1339
1342
1328
1359
1346
1360
1353
1338
1362
1322
1347
1326
1312
1318
1276
1301
1259
1276
1269
1257
1283
1248
1278
1258
1268
1276
1269
1300
1295
1332
1339
1357
1361
1363
1351
1351
1337
1325
1332
1293
1323
1290
1317
1316
1320
1341
1321
1351
1329
1345
1346
1337
1345
1334
1349
1339
1344
1360
1336
1360
1343
1355
1332
1340
1325
1320
1324
1310
1318
1315
1321
1318
1319
1312
1320
1323
1325
1321
1329
1319
1301
1307
1297
1281
1288
1277
1279
1283
1285
1319
1305
1333
1345
1335
1351
1343
1335
1341
1323
1336
1326
1334
1333
1349
1338
1337
1343
1329
1344
1337
1344
1352
1349
1349
1359
1343
1349
1361
1341
1356
1351
1345
1351
1345
1345
1338
1330
1325
1313
1310
1313
1314
1316
1315
1321
1306
1316
1303
1306
1306
1310
1318
1330
1326
1333
1329
1324
1322
1314
1305
1296
1291
1288
1294
1300
1289
1312
1301
1308
1320
1307
1341
1330
1355
1351
1353
1362
1336
1351
1330
1332
1322
1310
1324
1295
1319
1310
1306
1324
1311
1317
1312
1305
1304
1299
1309
1297
1312
1312
1314
1328
1332
1338
1343
1343
1350
1339
1332
1341
1330
1339
1330
1327
1328
1319
1310
1317
1319
1319
1325
1334
1322
1351
1333
1355
1340
1346
1346
1335
1351
1328
1341
1325
1320
1306
1298
1303
1295
1306
1294
1288
1295
1284
1285
1297
1291
1311
1315
1314
1328
1310
1326
1324
1320
1323
1322
1319
1318
1314
1308
1320
1315
1316
1330
1319
1322
1322
1317
1325
1331
1334
1339
1329
1331
1331
1328
1320
1324
1303
1311
1296
1289
1308
1300
1314
1313
1315
1330
1323
1349
1346
1351
1347
1342
1343
1329
1327
1320
1307
1309
1302
1301
1298
1295
1300
1292
1303
1300
1305
1330
1324
1342
1352
1347
1356
1366
1349
1371
1361
1360
1347
1343
1325
1304
1307
1276
1292
1274
1277
1302
1287
1323
1327
1339
1350
1353
1362
1368
1365
1367
1365
1363
1352
1356
1350
1347
1346
1336
1334
1325
1322
1330
1322
