1356
1355
1356
1355
1355
1356
1355
1355
1355
1355
1355
1354
1354
1353
1354
1354
1354
1354
1354
1354
1353
1353
1353
1352
1353
1352
1354
1353
1353
1353
1353
1354
1353
1353
1353
1353
1353
1354
1354
1353
1355
1354
1354
1354
1354
1355
1355
1354
1355
1355
1354
1355
1355
1354
1355
1355
1354
1355
1354
1354
1355
1354
1354
1354
1355
1354
1355
1355
1355
1355
1355
1355
1355
1356
1355
1356
1356
1356
1356
1355
1354
1356
1356
1355
1356
1355
1354
1355
1356
1356
1355
1356
1357
1358
1356
1357
1357
1357
1357
1357
1355
1356
1356
1356
1356
1355
1356
1355
1357
1355
1355
1355
1355
1356
1357
1356
1356
1357
1358
1357
1357
1358
1356
1357
1357
1356
1357
1355
1357
1355
1355
1355
1354
1355
1355
1354
1354
1354
1354
1354
1354
1354
1355
1354
1355
1355
1356
1354
1354
1354
1355
1354
1355
1355
1354
1355
1354
1355
1354
1355
1354
1355
1354
1354
1355
1354
1355
1354
1355
1355
1355
1355
1356
1356
1356
1356
1357
1357
1356
1357
1357
1357
1356
1357
1357
1357
1357
1357
1358
1357
1357
1357
1357
1356
1356
1358
1357
1357
1357
1358
1358
1358
1358
1358
1358
1358
1360
1358
1359
1358
1359
1358
1359
1358
1359
1358
1359
1358
1359
1359
1358
1359
1358
1358
1359
1358
1359
1357
1358
1358
1358
1357
1357
1358
1357
1358
1357
1357
1357
1357
1357
1357
1357
1357
1357
1357
1356
1357
1357
1357
1357
1356
1355
1355
1356
1355
1355
1354
1355
1356
1354
1355
1356
1355
1356
1356
1355
1356
1355
1356
1355
1356
1355
1356
1356
1356
1356
1355
1355
1355
1355
1355
1354
1355
1355
1354
1355
1355
1355
1355
1355
1355
1355
1355
1355
1355
1355
1355
1355
1355
1355
1356
1355
1355
1355
1356
1356
1357
1356
1357
1356
1357
1357
1356
1357
1356
1356
1356
1355
1355
1355
1355
1356
1356
1356
1356
1356
1355
1356
1357
1357
1356
1356
1356
1357
1356
1356
1357
1356
1357
1357
1356
1356
1356
1356
1355
1355
1355
1355
1355
1355
1354
1355
1354
1355
1356
1354
1355
1355
1356
1355
1355
1355
1355
1356
1354
1354
1355
1354
1356
1356
1355
1355
1355
1356
1356
1355
1355
1354
1355
1355
1355
1355
1355
1354
1355
1353
1354
1355
1354
1354
1355
1354
1354
1355
1355
1355
1355
1355
1355
1354
1355
1355
1355
1355
1355
1355
1355
1355
1354
1355
1355
1355
1356
1355
1356
1356
1355
1356
1356
1356
1357
1356
1357
1357
1357
1356
1357
1356
1357
1357
1356
1357
1356
1357
1357
1357
1357
1356
1356
1357
1357
1357
1357
1357
1356
1357
1355
1356
1356
1357
1358
1357
1357
1357
1358
1357
1357
1357
1357
1357
1357
1357
1357
1357
1357
1356
1356
1356
1357
1357
1357
1358
1358
1358
1357
1357
1357
1358
1357
1357
1357
1357
1357
1357
1357
1356
1355
1355
1355
1355
1355
1355
1356
1355
1355
1355
1355
1355
1354
1355
1355
1356
1356
1356
1356
1355
1355
1357
1355
1357
1356
1355
1356
1356
1357
1355
1355
1356
1356
1356
1355
1356
1356
1356
1355
1354
1356
1356
1356
1356
1356
1356
1355
1355
1356
1355
1355
1355
1355
1355
1355
1355
1355
1354
1354
1354
1355
1355
1355
1354
1353
1353
1353
1354
1354
1353
1354
1353
1353
1354
1353
1354
1354
1354
1354
1354
1354
1353
1353
1353
1353
1353
1353
1354
1353
1353
1354
1353
1353
1353
1353
1353
1353
1353
1346
1358
1327
1370
1286
1378
1207
935
443
1209
3532
1355
1355
1355
1356
1355
1356
1355
1355
1355
1356
1355
1354
1356
1355
1356
1355
1356
1355
1357
1356
1356
1357
1357
1356
1356
1356
1357
1357
1357
1357
1357
1357
1357
1356
1357
1356
1356
1357
1357
1357
1357
1357
1357
1356
1358
1358
1358
1358
1358
1357
1358
1357
1358
1358
1358
1359
1357
1358
1358
1359
1358
1358
1358
1359
1359
1359
1359
1359
1359
1359
1358
1358
1358
1359
1359
1357
1358
1358
1358
1358
1358
1358
1357
1358
1358
1358
1357
1358
1358
1358
1358
1358
1357
1357
1358
1357
1357
1356
1357
1357
1357
1357
1356
1355
1356
1356
1356
1356
1356
1355
1356
1356
1355
1356
1356
1356
1357
1356
1357
1357
1357
1358
1358
1358
1359
1359
1359
1360
1359
1360
1360
1359
1359
1358
1359
1358
1359
1358
1358
1357
1357
1357
1357
1356
1358
1357
1358
1359
1358
1358
1358
1358
1359
1357
1358
1358
1358
1358
1358
1357
1357
1357
1358
1357
1357
1357
1356
1357
1356
1356
1357
1356
1357
1357
1357
1357
1356
1357
1357
1358
1358
1357
1358
1358
1358
1357
1357
1356
1357
1357
1357
1356
1356
1356
1357
1357
1356
1356
1356
1357
1356
1355
1356
1355
